0 0 -0.25080273
0 1 -0.8369324
0 2 -0.46885064
0 3 -0.3158507
0 4 0.7257856
0 5 -0.11844908
0 6 0.83248603
0 7 -0.42421705
1 0 -0.58486277
1 1 -0.45700216
1 2 0.6604738
1 3 0.88143206
1 4 -0.4404268
1 5 -0.7466339
1 6 1.0
1 7 -0.5155181
2 0 0.0066458955
2 1 -0.5688212
2 2 -0.2691825
2 3 -0.011484861
2 4 1.0
2 5 0.5960879
2 6 -0.26237285
2 7 -0.7256267
3 0 1.0
3 1 -0.35796034
3 2 0.6451266
3 3 0.25818938
3 4 0.76085407
3 5 -0.10739502
3 6 -1.0
3 7 -0.005556524
4 0 -0.5730316
4 1 -0.7188169
4 2 0.21628846
4 3 -0.2942117
4 4 0.1521889
4 5 -0.9344034
4 6 0.3288347
4 7 -0.33325112
0 0 0.77938426
0 1 0.9100254
0 2 0.75836855
0 3 -0.84779
1 0 -0.12722571
1 1 -0.3849759
1 2 0.17487697
1 3 0.83302265
2 0 -0.42349613
2 1 0.8673487
2 2 0.665269
2 3 -0.24901609
3 0 -0.9485749
3 1 0.75556636
3 2 -0.60433704
3 3 0.42846987
4 0 0.39948934
4 1 -0.8888123
4 2 -0.015520826
4 3 -0.24521412
5 0 0.23020326
5 1 -0.5878687
5 2 -0.23996682
5 3 0.76534784
6 0 -0.081367895
6 1 -0.21099375
6 2 -0.5885988
6 3 0.6656364
7 0 1.0
7 1 0.85161024
7 2 -0.71202826
7 3 -0.7978804
