0 0 0.7081469
0 1 -0.0585714
0 2 0.26630196
0 3 0.6962893
0 4 -0.57779694
0 5 -0.43832475
0 6 0.44771904
0 7 0.10065892
1 0 0.2928772
1 1 -0.54497755
1 2 0.93753207
1 3 0.5135531
1 4 0.43413234
1 5 1.0
1 6 -0.13161847
1 7 0.8307268
2 0 -0.6732461
2 1 0.5048465
2 2 -1.0
2 3 0.39707392
2 4 -0.5400297
2 5 0.25347537
2 6 -0.4042879
2 7 -0.8480112
3 0 0.5017702
3 1 -0.69431067
3 2 -0.016714215
3 3 -0.28968394
3 4 -1.0
3 5 -0.43629444
3 6 -1.0
3 7 -0.77066433
4 0 -0.018823683
4 1 0.56243587
4 2 0.21958531
4 3 -0.27384537
4 4 0.27236015
4 5 0.9363317
4 6 0.7775061
4 7 0.5046586
0 0 1.0
0 1 0.07561417
0 2 -0.00338912
0 3 0.33123726
1 0 0.7955584
1 1 -0.7840913
1 2 -0.2679392
1 3 -0.6696889
2 0 -0.56812084
2 1 -0.39912283
2 2 -0.068820864
2 3 0.5349302
3 0 0.36501592
3 1 -0.90152955
3 2 0.36803308
3 3 -0.9941767
4 0 0.7305613
4 1 -0.9172591
4 2 0.30715397
4 3 -0.24048363
5 0 0.38084933
5 1 -1.0
5 2 0.81178296
5 3 0.19547458
6 0 -0.35570717
6 1 0.7887788
6 2 -0.92312086
6 3 0.85809296
7 0 0.28940567
7 1 -0.0052561685
7 2 -0.72315204
7 3 -0.41279113
