0 0 -0.5173883
0 1 -0.6770351
0 2 -0.21688582
0 3 0.5219548
0 4 -0.36861742
0 5 -0.15231654
0 6 -0.19436845
0 7 -0.60158575
1 0 0.4950583
1 1 0.15313213
1 2 0.7126419
1 3 0.1244725
1 4 0.85761124
1 5 0.9307136
1 6 -1.0
1 7 0.6986337
2 0 -0.8088821
2 1 0.115305275
2 2 -0.18327281
2 3 -0.21294746
2 4 -0.898073
2 5 0.11472514
2 6 0.7498263
2 7 -0.64621925
3 0 0.8802163
3 1 -0.039627194
3 2 0.20351292
3 3 0.33461156
3 4 -0.8159861
3 5 0.83085597
3 6 -0.9943577
3 7 -1.0
4 0 -0.10550241
4 1 0.46694094
4 2 0.44341412
4 3 0.39961183
4 4 0.22647426
4 5 0.19446903
4 6 0.39740732
4 7 -0.6725892
0 0 0.8944514
0 1 -0.88200676
0 2 -1.0
0 3 -0.8318473
1 0 1.0
1 1 -0.69893634
1 2 0.2853175
1 3 -0.4559434
2 0 0.08742085
2 1 0.62429315
2 2 1.0
2 3 -0.85523707
3 0 0.35311875
3 1 -0.69668376
3 2 -0.53239435
3 3 0.77152014
4 0 -0.8835984
4 1 0.24208891
4 2 0.7745373
4 3 0.86841744
5 0 0.4006127
5 1 -0.8158159
5 2 -0.8456467
5 3 0.20182443
6 0 0.17893162
6 1 -0.40436697
6 2 0.9298707
6 3 -0.7719838
7 0 -0.71339405
7 1 0.4374966
7 2 0.55152786
7 3 0.04169312
