0 0 -0.686205
0 1 -1.0
0 2 -0.053509057
0 3 0.5219548
0 4 -0.51019293
0 5 -0.7534051
0 6 -0.19436845
0 7 -0.448138
1 0 0.97700495
1 1 0.5042102
1 2 0.70229536
1 3 -0.17877534
1 4 1.0
1 5 0.9307136
1 6 -0.9479581
1 7 0.5225444
2 0 -0.7740556
2 1 -0.06148714
2 2 -0.39599925
2 3 -0.23152831
2 4 -0.97110224
2 5 -0.084692046
2 6 0.680626
2 7 -0.64621925
3 0 0.8067703
3 1 -0.039627194
3 2 0.25158554
3 3 0.5228715
3 4 -0.8452392
3 5 0.79880935
3 6 -0.9943577
3 7 -0.82855844
4 0 -0.45262396
4 1 0.5603566
4 2 0.27925098
4 3 0.47838765
4 4 -0.016560927
4 5 0.51540375
4 6 0.6182531
4 7 -0.7833146
0 0 0.6019813
0 1 -0.9088477
0 2 -1.0
0 3 -0.7776711
1 0 1.0
1 1 -0.9025918
1 2 0.23087521
1 3 -0.5188936
2 0 0.32109594
2 1 0.62429315
2 2 1.0
2 3 -1.0
3 0 0.53826606
3 1 -0.919022
3 2 -0.5133523
3 3 0.68781626
4 0 -0.72108644
4 1 0.3856055
4 2 0.93929344
4 3 0.49101347
5 0 0.16434582
5 1 -0.68587136
5 2 -0.9766742
5 3 0.31812364
6 0 0.036541745
6 1 -0.24381544
6 2 0.8415499
6 3 -0.8456445
7 0 -0.6101372
7 1 0.27318045
7 2 0.54028696
7 3 -0.036991045
