1568301423.57 0.0380001068115
1568301423.91 0.351999998093
1568301423.96 0.367000102997
1568301423.99 0.368000030518
1568301424.02 0.368999958038
1568301424.06 0.355000019073
1568301424.14 0.414999961853
1568301424.19 0.430999994278
1568301424.23 0.427000045776
1568301424.26 0.434000015259
1568301424.3 0.430000066757
1568301424.33 0.412999868393
1568301424.36 0.431999921799
1568301424.42 0.463999986649
1568301424.47 0.476000070572
1568301424.51 0.490000009537
1568301424.55 0.485000133514
1568301424.58 0.479000091553
1568301424.6 0.469999790192
1568301424.66 0.494999885559
1568301424.69 0.491999864578
1568301424.72 0.493999958038
1568301424.76 0.49799990654
1568301424.79 0.503999948502
1568301424.85 0.519999980927
1568301424.89 0.531000137329
1568301424.92 0.521999835968
1568301424.95 0.523999929428
1568301424.98 0.522000074387
1568301425.02 0.526999950409
1568301425.05 0.526999950409
1568301425.09 0.536999940872
1568301425.12 0.531000137329
1568301425.16 0.52599978447
1568301425.19 0.516000032425
1568301425.22 0.531999826431
1568301425.26 0.525000095367
1568301425.29 0.526999950409
1568301425.32 0.528000116348
1568301425.35 0.521000146866
1568301425.38 0.522000074387
1568301425.41 0.521999835968
1568301425.45 0.52799987793
1568301425.48 0.526999950409
1568301425.51 0.526999950409
1568301425.54 0.525000095367
1568301425.56 0.513000011444
1568301425.59 0.490000009537
1568301425.63 0.49599981308
1568301425.66 0.501999855042
1568301425.69 0.503999948502
1568301425.72 0.504999876022
1568301425.76 0.500999927521
1568301425.8 0.506000041962
1568301425.83 0.508000135422
1568301425.86 0.506000041962
1568301425.88 0.503999948502
1568301425.92 0.509999990463
1568301425.95 0.496999979019
1568301425.99 0.506999969482
1568301426.02 0.506000041962
1568301426.05 0.491000175476
1568301426.08 0.489000082016
1568301426.12 0.496000051498
1568301426.15 0.486999988556
1568301426.18 0.490000009537
1568301426.22 0.496000051498
1568301426.25 0.499000072479
1568301426.28 0.490999937057
1568301426.31 0.491000175476
1568301426.34 0.488000154495
1568301426.37 0.493999958038
1568301426.4 0.494999885559
1568301426.43 0.454999923706
1568301426.48 0.500999927521
1568301426.53 0.506000041962
1568301426.56 0.512000083923
1568301426.6 0.506999969482
1568301426.63 0.511000156403
1568301426.67 0.521999835968
1568301426.71 0.52799987793
1568301426.73 0.524999856949
1568301426.77 0.515000104904
1568301426.8 0.521000146866
1568301426.85 0.538000106812
1568301426.88 0.513000011444
1568301426.91 0.500999927521
1568301426.95 0.516999959946
1568301426.98 0.532999992371
1568301427.02 0.52799987793
1568301427.05 0.53200006485
1568301427.09 0.535000085831
1568301427.13 0.547000169754
1568301427.17 0.548000097275
1568301427.22 0.565999984741
1568301427.26 0.580999851227
1568301427.3 0.592000007629
1568301427.35 0.571000099182
1568301427.39 0.585000038147
1568301427.44 0.604000091553
1568301427.49 0.610999822617
1568301427.53 0.625999927521
1568301427.56 0.599999904633
1568301427.61 0.651000022888
1568301427.65 0.670000076294
1568301427.7 0.678999900818
1568301427.74 0.690999984741
1568301427.77 0.6890001297
1568301427.8 0.679000139236
1568301427.83 0.632999897003
1568301427.86 0.641999959946
1568301427.89 0.644999980927
1568301427.92 0.646000146866
1568301427.95 0.631000041962
1568301427.98 0.628000020981
1568301428.03 0.649999856949
1568301428.07 0.641000032425
1568301428.11 0.672999858856
1568301428.15 0.693000078201
1568301428.2 0.717000007629
1568301428.24 0.726999998093
1568301428.27 0.69000005722
1568301428.3 0.684000015259
1568301428.34 0.686999797821
1568301428.37 0.689999818802
1568301428.4 0.694000005722
1568301428.44 0.706000089645
1568301428.47 0.707999944687
1568301428.51 0.705000162125
1568301428.55 0.715000152588
1568301428.58 0.701999902725
1568301428.62 0.725999832153
1568301428.66 0.746999979019
1568301428.69 0.720999956131
1568301428.73 0.719000101089
1568301428.76 0.713999986649
1568301428.78 0.708000183105
1568301428.83 0.719000101089
1568301428.87 0.732999801636
1568301428.91 0.744999885559
1568301428.96 0.760999917984
1568301429.0 0.769999980927
1568301429.04 0.780999898911
1568301429.08 0.791000127792
1568301429.13 0.778000116348
1568301429.17 0.796000003815
1568301429.2 0.794999837875
1568301429.24 0.796000003815
1568301429.27 0.800999879837
1568301429.31 0.805000066757
1568301429.34 0.795000076294
1568301429.37 0.799000024796
1568301429.41 0.811000108719
1568301429.45 0.805999994278
1568301429.48 0.819999933243
1568301429.52 0.819999933243
1568301429.55 0.821000099182
1568301429.59 0.832999944687
1568301429.63 0.822999954224
1568301429.67 0.819000005722
1568301429.7 0.820999860764
1568301429.75 0.835999965668
1568301429.79 0.848999977112
1568301429.82 0.852999925613
1568301429.86 0.864000082016
1568301429.9 0.867000102997
1568301429.93 0.860000133514
1568301429.97 0.870000123978
1568301430.02 0.875
1568301430.06 0.901000022888
1568301430.1 0.906999826431
1568301430.13 0.910000085831
1568301430.16 0.894000053406
1568301430.19 0.894999980927
1568301430.23 0.896000146866
1568301430.26 0.886000156403
1568301430.29 0.889999866486
1568301430.32 0.888000011444
1568301430.35 0.888999938965
1568301430.38 0.881000041962
1568301430.42 0.887000083923
1568301430.45 0.891000032425
1568301430.49 0.886000156403
1568301445.17 0.200999975204
1568301445.6 0.614000082016
1568301445.65 0.625999927521
1568301445.68 0.631000041962
1568301445.72 0.587999820709
1568301445.74 0.59299993515
1568301445.79 0.592000007629
1568301445.83 0.606999874115
1568301445.87 0.615999937057
1568301445.9 0.617000102997
1568301445.93 0.634999990463
1568301445.96 0.631999969482
1568301446.0 0.62900018692
1568301446.04 0.636999845505
1568301446.07 0.644999980927
1568301446.1 0.638999938965
1568301446.16 0.680000066757
1568301446.2 0.674999952316
1568301446.24 0.651000022888
1568301446.27 0.654000043869
1568301446.31 0.668999910355
1568301446.34 0.669999837875
1568301446.37 0.669999837875
1568301446.4 0.671000003815
1568301446.44 0.671000003815
1568301446.48 0.680999994278
1568301446.51 0.680000066757
1568301446.54 0.683000087738
1568301446.58 0.6859998703
1568301446.61 0.674999952316
1568301446.64 0.675999879837
1568301446.67 0.68499994278
1568301446.71 0.667999982834
1568301446.73 0.657999992371
1568301446.76 0.661000013351
1568301446.79 0.641999959946
1568301446.83 0.65499997139
1568301446.85 0.644999980927
1568301446.88 0.641000032425
1568301446.91 0.638999938965
1568301446.94 0.641999959946
1568301446.97 0.643000125885
1568301447.0 0.639000177383
1568301447.02 0.633999824524
1568301447.06 0.628999948502
1568301447.09 0.631999969482
1568301447.12 0.644000053406
1568301447.16 0.630000114441
1568301447.19 0.634000062943
1568301447.23 0.634999990463
1568301447.26 0.632999897003
1568301447.29 0.630999803543
1568301447.32 0.633999824524
1568301447.36 0.634000062943
1568301447.39 0.631000041962
1568301447.42 0.635999917984
1568301447.44 0.631000041962
1568301447.48 0.634000062943
1568301447.52 0.635999917984
1568301447.55 0.638999938965
1568301447.59 0.651999950409
1568301447.62 0.634999990463
1568301447.65 0.628999948502
1568301447.68 0.618999958038
1568301447.71 0.619000196457
1568301447.74 0.613999843597
1568301447.77 0.613999843597
1568301447.8 0.613999843597
1568301447.84 0.616999864578
1568301447.87 0.608999967575
1568301447.89 0.601000070572
1568301447.93 0.607000112534
1568301447.95 0.588999986649
1568301447.99 0.610999822617
1568301448.03 0.615000009537
1568301448.06 0.598999977112
1568301448.09 0.596999883652
1568301448.22 0.690999984741
1568301448.25 0.690999984741
1568301448.28 0.6890001297
1568301448.32 0.707000017166
1568301448.36 0.697000026703
1568301448.39 0.712999820709
1568301448.43 0.71799993515
1568301448.46 0.71799993515
1568301448.49 0.719000101089
1568301448.52 0.713000059128
1568301448.55 0.702000141144
1568301448.59 0.705999851227
1568301448.62 0.694999933243
1568301448.68 0.716000080109
1568301448.71 0.717000007629
1568301448.73 0.703000068665
1568301448.77 0.709000110626
1568301448.8 0.717000007629
1568301448.83 0.707000017166
1568301448.86 0.709999799728
1568301448.91 0.717000007629
1568301448.94 0.720999956131
1568301448.97 0.733999967575
1568301449.01 0.729000091553
1568301449.04 0.732000112534
1568301449.07 0.723999977112
1568301449.11 0.71799993515
1568301449.14 0.721999883652
1568301449.18 0.736999988556
1568301449.21 0.730999946594
1568301449.25 0.740000009537
1568301449.28 0.743999958038
1568301449.33 0.746000051498
1568301449.37 0.746000051498
1568301449.4 0.736999988556
1568301449.43 0.751999855042
1568301449.47 0.763000011444
1568301449.51 0.729000091553
1568301449.54 0.726000070572
1568301449.57 0.759999990463
1568301449.61 0.75200009346
1568301449.66 0.77899980545
1568301449.7 0.782999992371
1568301449.73 0.794999837875
1568301449.77 0.786999940872
1568301449.8 0.791000127792
1568301449.84 0.802999973297
1568301449.88 0.81299996376
1568301449.93 0.817000150681
1568301449.96 0.789999961853
1568301449.99 0.78200006485
1568301450.04 0.798000097275
1568301450.07 0.799999952316
1568301450.1 0.821000099182
1568301450.13 0.809000015259
1568301450.16 0.805000066757
1568301450.21 0.829999923706
1568301450.25 0.832000017166
1568301450.28 0.833999872208
1568301450.32 0.836999893188
1568301450.35 0.835999965668
1568301450.38 0.801000118256
1568301450.41 0.805000066757
1568301450.44 0.792999982834
1568301450.48 0.799999952316
1568301450.51 0.8109998703
1568301450.55 0.819000005722
1568301450.58 0.844000101089
1568301450.62 0.837000131607
1568301450.65 0.837000131607
1568301450.67 0.824000120163
1568301450.71 0.834999799728
1568301450.75 0.84099984169
1568301450.79 0.805000066757
1568301450.81 0.803999900818
1568301450.85 0.808000087738
1568301450.88 0.810000181198
1568301450.91 0.811000108719
1568301450.95 0.815999984741
1568301450.97 0.814999818802
1568301451.01 0.799999952316
1568301451.04 0.822999954224
1568301451.08 0.825000047684
1568301451.11 0.827000141144
1568301451.15 0.84500002861
1568301451.18 0.806999921799
1568301451.22 0.8109998703
1568301451.25 0.81200003624
1568301451.28 0.81200003624
1568301451.31 0.80999994278
1568301451.34 0.81299996376
1568301451.37 0.802999973297
1568301451.41 0.811000108719
1568301451.44 0.811999797821
1568301451.47 0.814999818802
1568301451.51 0.836999893188
1568301451.53 0.823999881744
1568301451.57 0.798000097275
1568301451.6 0.786000013351
1568301451.63 0.790000200272
1568301451.66 0.787000179291
1568301451.7 0.800999879837
1568301451.74 0.81200003624
1568301451.78 0.808000087738
1568301451.82 0.815999984741
1568301451.85 0.816999912262
1568301451.88 0.805000066757
1568301451.91 0.819000005722
1568301451.94 0.799999952316
1568301451.97 0.792999982834
1568301452.0 0.790999889374
1568301452.04 0.796000003815
1568301452.07 0.799999952316
1568301452.1 0.799000024796
1568301452.13 0.802000045776
1568301452.16 0.792000055313
1568301452.19 0.792999982834
1568301452.24 0.805999994278
1568301452.28 0.81500005722
1568301452.31 0.818000078201
1568301452.34 0.81299996376
1568301452.38 0.815999984741
1568301452.41 0.821000099182
1568301452.46 0.816999912262
1568301452.49 0.819999933243
1568301452.52 0.813999891281
1568301452.56 0.828999996185
1568301452.6 0.831000089645
1568301452.64 0.835999965668
1568301452.67 0.84500002861
1568301452.71 0.848000049591
1568301452.74 0.849999904633
1568301452.77 0.838999986649
1568301452.8 0.838000059128
1568301452.83 0.842000007629
1568301452.86 0.839999914169
1568301452.9 0.843000173569
1568301452.93 0.835000038147
1568301452.96 0.833999872208
1568301452.99 0.822000026703
1568301453.04 0.835000038147
1568301453.07 0.828999996185
1568301453.1 0.826999902725
1568301453.13 0.834000110626
1568301453.17 0.844000101089
1568301453.21 0.851999998093
1568301453.26 0.871999979019
1568301453.31 0.875999927521
1568301453.34 0.881000041962
1568301453.39 0.908999919891
1568301453.43 0.913000106812
1568301453.47 0.894000053406
1568301453.51 0.90700006485
1568301453.54 0.909999847412
1568301453.57 0.911000013351
1568301453.6 0.909999847412
1568301453.63 0.90499997139
1568301453.66 0.903000116348
1568301453.7 0.907999992371
1568301453.72 0.90499997139
1568301453.76 0.911000013351
1568301453.8 0.90499997139
1568301453.82 0.912999868393
1568301453.85 0.901000022888
1568301453.89 0.905999898911
1568301453.92 0.890000104904
1568301453.95 0.891999959946
1568301453.98 0.894000053406
1568301454.02 0.888999938965
1568301454.05 0.892999887466
1568301454.08 0.891999959946
1568301454.12 0.885999917984
1568301454.15 0.890000104904
1568301454.18 0.894999980927
1568301454.22 0.901000022888
1568301454.26 0.902000188828
1568301454.29 0.90399980545
1568301454.33 0.911999940872
1568301454.37 0.917000055313
1568301454.4 0.901999950409
1568301454.44 0.907999992371
1568301454.48 0.919000148773
1568301454.51 0.923000097275
1568301454.55 0.932000160217
1568301454.59 0.926999807358
1568301454.63 0.945999860764
1568301454.66 0.94000005722
1568301454.69 0.954999923706
1568301454.72 0.944000005722
1568301454.75 0.942000150681
1568301454.79 0.945000171661
1568301454.81 0.93399977684
1568301454.84 0.934000015259
1568301454.88 0.917999982834
1568301454.91 0.917999982834
1568301454.94 0.918999910355
1568301454.97 0.914999961853
1568301455.01 0.924000024796
1568301455.05 0.925000190735
1568301455.08 0.924999952316
1568301455.11 0.928999900818
1568301455.14 0.928999900818
1568301455.18 0.928999900818
1568301455.22 0.94000005722
1568301455.25 0.93799996376
1568301455.28 0.913000106812
1568301455.32 0.908999919891
1568301455.35 0.932999849319
1568301455.38 0.924999952316
1568301455.42 0.927999973297
1568301455.45 0.928999900818
1568301455.49 0.942000150681
1568301455.54 0.959000110626
1568301455.58 0.955000162125
1568301455.61 0.957000017166
1568301455.65 0.96599984169
1568301455.67 0.963000059128
1568301455.7 0.93499994278
1568301455.75 0.936000108719
1568301455.78 0.943000078201
1568301455.83 0.955000162125
1568301455.86 0.982999801636
1568301455.9 0.976999998093
1568301455.93 0.976999998093
1568301455.96 0.979000091553
1568301456.0 0.990999937057
1568301456.04 0.990999937057
1568301456.08 0.998000144958
1568301456.11 1.00200009346
1568301456.15 0.977999925613
1568301456.19 0.976999998093
1568301456.23 0.990999937057
1568301456.26 0.990999937057
1568301456.29 0.983000040054
1568301456.32 0.982000112534
1568301456.35 1.0
1568301456.38 1.00499987602
1568301456.42 1.0
1568301456.45 1.00300002098
1568301456.49 1.01099991798
1568301456.53 1.00699996948
1568301456.57 0.996000051498
1568301456.6 0.991000175476
1568301456.63 0.993999958038
1568301456.68 1.01799988747
1568301456.72 1.02999997139
1568301456.75 1.007999897
1568301456.78 1.01300001144
1568301456.82 1.01699995995
1568301456.85 1.03600001335
1568301456.88 1.03200006485
1568301456.92 1.04099988937
1568301456.96 1.04799985886
1568301456.99 1.02300000191
1568301457.02 1.00300002098
1568301457.06 1.01800012589
----------------1568301785.87 0.0370001792908
1568301786.23 0.368000030518
1568301786.28 0.401999950409
1568301786.31 0.40399980545
1568301786.36 0.401000022888
1568301786.39 0.394999980927
1568301786.43 0.398000001907
1568301786.47 0.406000137329
1568301786.5 0.411000013351
1568301786.54 0.415000200272
1568301786.56 0.40299987793
1568301786.6 0.388999938965
1568301786.64 0.414999961853
1568301786.68 0.421999931335
1568301786.73 0.449000120163
1568301786.76 0.442000150681
1568301786.8 0.435000181198
1568301786.83 0.447999954224
1568301786.86 0.429999828339
1568301786.91 0.447999954224
1568301786.96 0.471999883652
1568301787.0 0.483999967575
1568301787.05 0.486999988556
1568301787.08 0.494000196457
1568301787.12 0.5
1568301787.15 0.503000020981
1568301787.19 0.514999866486
1568301787.23 0.513000011444
1568301787.26 0.512000083923
1568301787.29 0.510999917984
1568301787.32 0.513999938965
1568301787.37 0.527000188828
1568301787.41 0.513999938965
1568301787.45 0.517999887466
1568301787.48 0.520999908447
1568301787.52 0.525000095367
1568301787.56 0.535000085831
1568301787.6 0.546999931335
1568301787.64 0.561000108719
1568301787.68 0.563000202179
1568301787.71 0.564999818802
1568301787.77 0.588999986649
1568301787.81 0.601000070572
1568301787.85 0.606999874115
1568301787.89 0.62299990654
1568301787.93 0.618000030518
1568301787.96 0.601999998093
1568301787.99 0.603999853134
1568301788.03 0.612999916077
1568301788.07 0.615000009537
1568301788.09 0.612999916077
1568301788.13 0.607000112534
1568301788.16 0.608000040054
1568301788.19 0.608999967575
1568301788.22 0.608000040054
1568301788.25 0.612999916077
1568301788.28 0.600999832153
1568301788.32 0.605999946594
1568301788.35 0.605000019073
1568301788.39 0.612999916077
1568301788.42 0.604000091553
1568301788.45 0.59500002861
1568301788.49 0.609999895096
1568301788.52 0.599999904633
1568301788.55 0.603999853134
1568301788.58 0.601999998093
1568301788.61 0.599999904633
1568301788.64 0.604000091553
1568301788.68 0.598000049591
1568301788.71 0.604000091553
1568301788.75 0.617999792099
1568301788.78 0.608999967575
1568301788.82 0.578999996185
1568301788.85 0.572999954224
1568301788.88 0.592000007629
1568301788.92 0.59700012207
1568301788.94 0.59500002861
1568301788.98 0.599999904633
1568301789.01 0.597999811172
1568301789.04 0.601999998093
1568301789.08 0.596999883652
1568301789.11 0.598999977112
1568301789.14 0.601999998093
1568301789.18 0.611000061035
1568301789.23 0.593999862671
1568301789.27 0.612999916077
1568301789.3 0.603999853134
1568301789.34 0.604000091553
1568301789.38 0.625999927521
1568301789.42 0.641000032425
1568301789.47 0.649000167847
1568301789.5 0.664000034332
1568301789.53 0.65399980545
1568301789.57 0.666999816895
1568301789.6 0.661999940872
1568301789.63 0.658999919891
1568301789.68 0.637000083923
1568301789.72 0.65499997139
1568301789.76 0.657999992371
1568301789.79 0.663999795914
1568301789.83 0.657999992371
1568301789.88 0.65499997139
1568301789.91 0.677000045776
1568301789.94 0.703000068665
1568301789.97 0.694999933243
1568301790.01 0.697000026703
1568301790.04 0.700999975204
1568301790.08 0.707000017166
1568301790.11 0.671999931335
1568301790.15 0.675999879837
1568301790.18 0.681999921799
1568301790.21 0.68499994278
1568301790.25 0.69000005722
1568301790.28 0.680000066757
1568301790.32 0.68499994278
1568301790.36 0.679999828339
1568301790.39 0.704999923706
1568301790.43 0.71799993515
1568301790.47 0.726999998093
1568301790.51 0.740000009537
1568301790.55 0.711000204086
1568301790.58 0.709000110626
1568301790.62 0.724999904633
1568301790.64 0.712999820709
1568301790.68 0.724999904633
1568301790.73 0.742000102997
1568301790.77 0.736999988556
1568301790.81 0.748000144958
1568301790.85 0.761000156403
1568301790.89 0.74599981308
1568301790.92 0.770999908447
1568301790.95 0.77999997139
1568301790.99 0.760999917984
1568301791.03 0.756000041962
1568301791.07 0.773999929428
1568301791.12 0.792000055313
1568301791.16 0.790000200272
1568301791.2 0.80999994278
1568301791.24 0.819999933243
1568301791.28 0.81500005722
1568301791.31 0.809000015259
1568301791.35 0.81500005722
1568301791.38 0.818000078201
1568301791.41 0.825000047684
1568301791.45 0.820999860764
1568301791.48 0.813999891281
1568301791.52 0.815999984741
1568301791.55 0.819999933243
1568301791.58 0.819000005722
1568301791.62 0.817000150681
1568301791.65 0.818000078201
1568301791.68 0.825000047684
1568301791.72 0.834999799728
1568301791.76 0.835999965668
1568301791.8 0.846999883652
1568301791.84 0.849999904633
1568301791.88 0.855999946594
1568301791.91 0.845999956131
1568301791.94 0.841000080109
1568301791.97 0.833999872208
1568301792.0 0.843999862671
1568301792.03 0.832000017166
1568301792.07 0.836999893188
1568301792.1 0.835000038147
1568301792.13 0.835999965668
1568301792.17 0.835999965668
1568301792.21 0.864000082016
1568301792.25 0.860999822617
1568301792.28 0.861999988556
1568301792.33 0.875
1568301792.37 0.884999990463
1568301792.4 0.890000104904
1568301792.43 0.873000144958
1568301792.47 0.884000062943
1568301792.52 0.889999866486
1568301792.57 0.905999898911
1568301792.61 0.917999982834
1568301792.65 0.934000015259
1568301792.72 0.966000080109
1568301792.76 0.96799993515
1568301792.8 0.965000152588
1568301792.84 0.992000102997
1568301792.88 0.99599981308
1568301792.91 1.00199985504
1568301792.94 1.00199985504
1568301792.97 0.989000082016
1568301793.02 0.986999988556
1568301793.06 0.999000072479
1568301793.1 1.00500011444
1568301793.13 1.01000022888
1568301793.16 1.00300002098
1568301793.19 1.00199985504
1568301793.25 1.02600002289
1568301793.29 1.03900003433
1568301793.33 1.05100011826
1568301793.37 1.04700016975
1568301793.41 1.05599999428
1568301793.45 1.06999993324
1568301793.49 1.08299994469
1568301793.53 1.08800005913
1568301793.56 1.0720000267
1568301793.6 1.06999993324
1568301793.64 1.07700014114
1568301793.67 1.07800006866
1568301793.7 1.07199978828
1568301793.75 1.10099983215
1568301793.79 1.10599994659
1568301793.82 1.10100007057
1568301793.85 1.10400009155
1568301793.88 1.10299992561
1568301793.92 1.09599995613
1568301793.95 1.10600018501
1568301793.97 1.10500001907
1568301794.01 1.09899997711
1568301794.04 1.09099984169
1568301794.07 1.08399987221
1568301794.11 1.08299994469
1568301794.16 1.09800004959
1568301794.2 1.11899995804
1568301794.23 1.12200021744
1568301794.27 1.1179997921
1568301794.3 1.12199997902
1568301794.33 1.1210000515
1568301794.37 1.12400007248
1568301794.42 1.13599991798
1568301794.47 1.15600013733
1568301794.51 1.16500020027
1568301794.54 1.17200016975
1568301794.58 1.16199994087
1568301794.62 1.16299986839
1568301794.66 1.17899990082
1568301794.69 1.18400001526
1568301794.73 1.18499994278
1568301794.78 1.20200014114
1568301794.83 1.21600008011
1568301794.86 1.22099995613
1568301794.9 1.22599983215
1568301794.93 1.21899986267
1568301794.97 1.21799993515
1568301795.0 1.23200011253
1568301795.04 1.23399996758
1568301795.09 1.25200009346
1568301795.13 1.25199985504
1568301795.17 1.257999897
1568301795.21 1.27099990845
1568301795.25 1.27999997139
1568301795.28 1.26999998093
1568301795.32 1.27600002289
1568301795.34 1.27400016785
1568301795.38 1.2650001049
1568301795.41 1.257999897
1568301795.44 1.26099991798
1568301795.47 1.23900008202
1568301795.51 1.24000000954
1568301795.54 1.24099993706
1568301795.57 1.26300001144
1568301795.6 1.25200009346
1568301795.64 1.26399993896
1568301795.69 1.28399991989
1568301795.73 1.27900004387
1568301795.78 1.30599999428
1568301795.81 1.29699993134
1568301795.85 1.30500006676
1568301795.87 1.29400014877
1568301795.91 1.26699995995
1568301795.94 1.27099990845
1568301795.97 1.28399991989
1568301796.0 1.27099990845
1568301796.04 1.27200007439
1568301796.08 1.29699993134
1568301796.12 1.29800009727
1568301796.15 1.30100011826
1568301796.18 1.30099987984
1568301796.21 1.3029999733
1568301796.25 1.30599999428
1568301796.28 1.3109998703
1568301796.31 1.27399992943
1568301796.36 1.29200005531
1568301796.4 1.29000020027
1568301796.44 1.31299996376
1568301796.48 1.3109998703
1568301796.53 1.3259999752
1568301796.57 1.33500003815
1568301796.6 1.35599994659
1568301796.64 1.3710000515
1568301796.68 1.37400007248
1568301796.73 1.39300012589
1568301796.77 1.40000009537
1568301796.8 1.37199997902
1568301796.84 1.3710000515
1568301796.88 1.375
1568301796.92 1.39499998093
1568301796.96 1.40400004387
1568301797.01 1.42000007629
1568301797.04 1.41099977493
1568301797.08 1.40599989891
1568301797.15 1.45700001717
1568301797.19 1.45499992371
1568301797.24 1.49099993706
1568301797.28 1.50200009346
1568301797.33 1.48699998856
1568301797.37 1.50400018692
1568301797.42 1.51699995995
1568301797.46 1.52600002289
1568301797.49 1.52699995041
1568301797.52 1.52799987793
1568301797.55 1.51999998093
1568301797.59 1.52800011635
1568301797.63 1.54200005531
1568301797.67 1.5490000248
1568301797.7 1.54799985886
1568301797.72 1.52499985695
1568301797.76 1.52300000191
1568301797.79 1.52099990845
1568301797.82 1.52399992943
1568301797.86 1.52800011635
1568301797.89 1.51900005341
1568301797.92 1.52099990845
1568301797.95 1.51899981499
1568301797.98 1.52099990845
1568301798.02 1.53200006485
1568301798.06 1.53299999237
1568301798.1 1.54299998283
1568301798.14 1.5490000248
1568301798.17 1.55400013924
1568301798.21 1.54299998283
1568301798.25 1.54399991035
1568301798.29 1.5609998703
1568301798.33 1.56599998474
1568301798.37 1.5759999752
1568301798.41 1.57800006866
1568301798.45 1.58800005913
1568301798.49 1.59899997711
1568301798.53 1.59800004959
1568301798.57 1.61299991608
1568301798.61 1.6210000515
1568301798.66 1.63800001144
1568301798.69 1.6400001049
1568301798.73 1.65100002289
1568301798.76 1.62399983406
1568301798.8 1.63100004196
1568301798.84 1.64199995995
1568301798.89 1.66100001335
1568301798.93 1.66600012779
1568301798.96 1.66499996185
1568301798.99 1.66100001335
1568301799.02 1.66400003433
1568301799.06 1.67399978638
1568301799.1 1.67499995232
1568301799.13 1.66799998283
1568301799.16 1.68099999428
1568301799.19 1.67199993134
1568301799.23 1.6779999733
1568301799.28 1.67500019073
1568301799.32 1.68699979782
1568301799.36 1.69899988174
1568301799.4 1.71099996567
1568301799.44 1.72399997711
1568301799.49 1.742000103
1568301799.53 1.74300003052
1568301799.58 1.75999999046
1568301799.62 1.76700019836
1568301799.65 1.77499985695
1568301799.69 1.78099989891
1568301799.72 1.78399991989
1568301799.77 1.78500008583
1568301799.81 1.79699993134
1568301799.85 1.77600002289
1568301799.89 1.79400014877
1568301799.92 1.80300021172
1568301799.97 1.81299996376
1568301800.01 1.81900000572
1568301800.06 1.83800005913
1568301800.1 1.83800005913
1568301800.14 1.86000013351
1568301800.17 1.85300016403
1568301800.21 1.85600018501
1568301800.24 1.8639998436
1568301800.28 1.86699986458
1568301800.32 1.875
1568301800.36 1.8789999485
1568301800.4 1.87000012398
1568301800.43 1.87300014496
1568301800.47 1.88499999046
1568301800.51 1.88900017738
1568301800.54 1.87999987602
1568301800.57 1.89199995995
1568301800.61 1.88700008392
1568301800.65 1.91100001335
1568301800.68 1.90199995041
1568301800.71 1.8860001564
1568301800.74 1.89400005341
1568301800.78 1.89800000191
1568301800.81 1.89599990845
1568301800.84 1.89899992943
1568301800.88 1.90499997139
1568301800.91 1.88899993896
1568301800.94 1.88899993896
1568301800.97 1.8860001564
1568301801.0 1.88800001144
1568301801.03 1.89299988747
1568301801.07 1.8869998455
1568301801.11 1.89599990845
1568301801.14 1.89299988747
1568301801.17 1.89199995995
1568301801.21 1.89600014687
1568301801.24 1.88900017738
1568301801.27 1.88799977303
1568301801.31 1.8710000515
1568301801.35 1.89899992943
1568301801.39 1.90299987793
1568301801.43 1.90600013733
1568301801.46 1.90799999237
1568301801.49 1.90200018883
1568301801.52 1.91400003433
1568301801.56 1.91699981689
1568301801.61 1.92700004578
1568301801.64 1.92899990082
1568301801.67 1.9279999733
1568301801.7 1.92199993134
1568301801.72 1.88499999046
1568301801.77 1.89500021935
1568301801.79 1.90399980545
1568301801.82 1.91199994087
1568301801.85 1.91499996185
1568301801.88 1.91299986839
1568301801.92 1.91400003433
1568301801.95 1.91199994087
1568301801.98 1.89499998093
1568301802.02 1.9240000248
1568301802.06 1.91699981689
1568301802.09 1.91899991035
1568301802.13 1.88800001144
1568301802.17 1.89800000191
1568301802.2 1.90199995041
1568301802.23 1.90100002289
1568301802.27 1.89500021935
1568301802.3 1.90699982643
1568301802.33 1.92199993134
1568301802.37 1.92700004578
1568301802.39 1.93000006676
1568301802.43 1.92000007629
1568301802.46 1.92600011826
1568301802.49 1.92100000381
1568301802.51 1.87299990654
1568301802.55 1.8789999485
1568301802.58 1.8869998455
1568301802.62 1.88999986649
1568301802.64 1.88400006294
1568301802.68 1.88700008392
1568301802.71 1.8860001564
1568301802.74 1.91100001335
1568301802.78 1.90600013733
1568301802.81 1.90100002289
1568301802.86 1.92599987984
1568301802.9 1.92599987984
1568301802.93 1.88899993896
1568301802.96 1.89300012589
1568301803.0 1.90700006485
1568301803.02 1.89299988747
1568301803.06 1.89599990845
1568301803.09 1.88999986649
1568301803.13 1.90000009537
1568301803.16 1.89800000191
1568301803.19 1.8900001049
1568301803.23 1.92000007629
1568301803.26 1.92000007629
1568301803.3 1.92900013924
1568301803.33 1.90299987793
1568301803.36 1.89199995995
1568301803.4 1.90700006485
1568301803.43 1.91499996185
1568301803.47 1.91499996185
1568301803.52 1.90500020981
1568301803.55 1.9310002327
1568301803.59 1.92499995232
1568301803.62 1.93400001526
1568301803.67 1.9470000267
1568301803.7 1.93700003624
1568301803.73 1.97200012207
1568301803.77 1.93600010872
1568301803.8 1.93400001526
1568301803.84 1.94999980927
1568301803.89 1.97399997711
1568301803.93 1.96700000763
1568301803.96 1.97499990463
1568301804.02 1.99900007248
1568301804.07 2.00999999046
1568301804.11 2.01600003242
1568301804.14 2.00899982452
1568301804.17 2.01099991798
1568301804.2 2.02399992943
1568301804.25 2.02999997139
1568301804.29 2.01999998093
1568301804.33 2.02600002289
1568301804.36 2.02999997139
1568301804.39 2.01900005341
1568301804.43 2.03600001335
1568301804.46 2.03999996185
1568301804.49 2.03299999237
1568301804.53 2.04099988937
1568301804.56 2.04500007629
1568301804.59 2.03900003433
1568301804.62 2.03999996185
1568301804.65 2.03400015831
1568301804.68 2.04499983788
1568301804.72 2.03600001335
1568301804.75 2.01799988747
1568301804.78 2.02099990845
1568301804.82 2.02300000191
1568301804.86 2.02900004387
1568301804.89 2.02100014687
1568301804.92 2.03499984741
1568301804.96 2.04099988937
1568301805.0 2.03600001335
1568301805.03 2.03800010681
1568301805.07 2.04800009727
1568301805.1 2.0490000248
1568301805.14 2.05900001526
1568301805.17 2.05500006676
1568301805.21 2.0569999218
1568301805.24 2.04200005531
1568301805.27 2.04399991035
1568301805.32 2.0569999218
1568301805.35 2.05999994278
1568301805.38 2.06100010872
1568301805.41 2.05800008774
1568301805.45 2.0609998703
1568301805.49 2.06799983978
1568301805.53 2.06599998474
1568301805.56 2.06599998474
1568301805.6 2.07699990273
1568301805.64 2.10400009155
1568301805.68 2.10000014305
1568301805.71 2.10000014305
1568301805.75 2.08999991417
1568301805.79 2.09999990463
1568301805.82 2.10299992561
1568301805.86 2.10299992561
1568301805.9 2.10800004005
1568301805.95 2.12700009346
1568301805.99 2.12900018692
1568301806.03 2.14099979401
1568301806.07 2.15799999237
1568301806.11 2.16400003433
1568301806.16 2.17700004578
1568301806.2 2.17199993134
1568301806.25 2.19600009918
1568301806.3 2.22399997711
1568301806.35 2.23100018501
1568301806.39 2.22599983215
1568301806.42 2.23000001907
1568301806.45 2.2349998951
1568301806.48 2.22300004959
1568301806.52 2.22500014305
1568301806.54 2.23200011253
1568301806.57 2.22300004959
1568301806.62 2.23799991608
1568301806.66 2.25
1568301806.69 2.24899983406
1568301806.72 2.24300003052
1568301806.78 2.26900005341
1568301806.83 2.28600001335
1568301806.87 2.29100012779
1568301806.9 2.29400014877
1568301806.94 2.3029999733
1568301806.97 2.29399991035
1568301807.01 2.30399990082
1568301807.06 2.31699991226
1568301807.09 2.31100010872
1568301807.12 2.31500005722
1568301807.16 2.32500004768
1568301807.2 2.32399988174
1568301807.24 2.32999992371
1568301807.27 2.33099985123
1568301807.3 2.32999992371
1568301807.33 2.27999997139
1568301807.37 2.30599999428
1568301807.39 2.31299996376
1568301807.44 2.32000017166
1568301807.48 2.33299994469
1568301807.52 2.34399986267
1568301807.57 2.35500001907
1568301807.61 2.36800003052
1568301807.64 2.36299991608
1568301807.69 2.38199996948
1568301807.73 2.39100003242
1568301807.78 2.41000008583
1568301807.82 2.38199996948
1568301807.86 2.39199995995
1568301807.91 2.39599990845
1568301807.96 2.43600010872
1568301808.0 2.46300005913
1568301808.04 2.46000003815
1568301808.09 2.46700000763
1568301808.12 2.47099995613
1568301808.16 2.48399996758
1568301808.2 2.49199986458
1568301808.25 2.50999999046
1568301808.39 2.61800003052
1568301808.43 2.59500002861
1568301808.48 2.60900020599
1568301808.51 2.60799980164
1568301808.54 2.6099998951
1568301808.58 2.59699988365
1568301808.61 2.61899995804
1568301808.66 2.63700008392
1568301808.71 2.66000008583
1568301808.75 2.66799998283
1568301808.77 2.65100002289
1568301808.8 2.66399979591
1568301808.84 2.66899991035
1568301808.86 2.61899995804
1568301808.9 2.6210000515
1568301808.93 2.6210000515
1568301808.96 2.617000103
1568301809.01 2.6360001564
1568301809.06 2.66599988937
1568301809.09 2.64899992943
1568301809.14 2.69299983978
1568301809.19 2.72000002861
1568301809.24 2.73399996758
1568301809.29 2.74900007248
1568301809.34 2.77999997139
1568301809.38 2.7429997921
1568301809.43 2.76099991798
1568301809.49 2.7990000248
1568301809.54 2.79999995232
1568301809.59 2.81699991226
1568301809.63 2.83000016212
1568301809.67 2.84400010109
1568301809.72 2.86199998856
1568301809.76 2.87399983406
1568301809.81 2.91100001335
1568301809.86 2.91899991035
1568301809.9 2.93499994278
1568301809.95 2.90899991989
1568301810.0 2.93700003624
1568301810.06 2.95700001717
1568301810.1 2.96399998665
1568301810.15 2.99499988556
1568301810.2 3.00300002098
1568301810.25 3.01600003242
1568301810.29 3.03200006485
1568301810.33 3.03800010681
1568301810.38 3.05500006676
1568301810.42 3.06300020218
1568301810.47 3.10900020599
1568301810.51 3.06500005722
1568301810.56 3.08500003815
1568301810.61 3.10500001907
1568301810.64 3.11299991608
1568301810.69 3.12000012398
1568301810.74 3.14200019836
1568301810.77 3.14299988747
1568301810.82 3.16199994087
1568301810.87 3.18099999428
1568301810.91 3.18000006676
1568301810.96 3.20300006866
1568301811.0 3.22399997711
1568301811.06 3.242000103
1568301811.12 3.24900007248
1568301811.19 3.28899979591
1568301811.24 3.3029999733
1568301811.29 3.32099986076
1568301811.34 3.35100007057
1568301811.39 3.35599994659
1568301811.44 3.37600016594
1568301811.48 3.39300012589
1568301811.54 3.41800022125
1568301811.57 3.41299986839
1568301811.62 3.4319999218
1568301811.67 3.44099998474
1568301811.7 3.44499993324
1568301811.77 3.48099994659
1568301811.82 3.492000103
1568301811.88 3.5070002079
1568301811.93 3.54299998283
1568301811.98 3.55900001526
1568301812.03 3.56999993324
1568301812.09 3.59800004959
1568301812.14 3.61800003052
1568301812.18 3.62300014496
1568301812.22 3.63199996948
1568301812.27 3.65100002289
1568301812.31 3.64199995995
1568301812.37 3.67599987984
1568301812.41 3.70399999619
1568301812.46 3.72399997711
1568301812.5 3.70700001717
1568301812.54 3.72099995613
1568301812.59 3.72900009155
1568301812.64 3.74599981308
1568301812.69 3.76600003242
1568301812.74 3.78699994087
1568301812.79 3.80800008774
1568301812.84 3.8180000782
1568301812.88 3.81599998474
1568301812.92 3.83500003815
1568301812.97 3.84199976921
1568301813.02 3.85799980164
1568301813.06 3.88399982452
1568301813.11 3.89400005341
1568301813.16 3.90199995041
1568301813.2 3.90400004387
1568301813.25 3.91600012779
1568301813.29 3.93400001526
1568301813.33 3.94099998474
1568301813.37 3.9509999752
1568301813.41 3.96399998665
1568301813.46 3.96900010109
1568301813.5 3.97699999809
1568301813.53 3.97500014305
1568301813.56 3.97000002861
1568301813.59 3.97100019455
1568301813.62 3.97299981117
1568301813.65 3.97300004959
1568301813.68 3.9509999752
1568301813.71 3.95499992371
1568301813.76 3.96500015259
1568301813.79 3.95500016212
1568301813.83 3.96700000763
1568301813.87 3.97999978065
1568301813.91 3.99099993706
----------------