0 0 -0.9627489
0 1 -0.079138994
0 2 0.7508637
0 3 0.5287858
0 4 0.1152035
0 5 0.07184231
0 6 -0.38026762
0 7 -0.17886162
1 0 -0.31346524
1 1 -0.8401377
1 2 0.67118025
1 3 0.7288078
1 4 0.48856425
1 5 0.8008623
1 6 0.097066045
1 7 0.5917295
2 0 0.9726304
2 1 0.19521856
2 2 0.0061169863
2 3 0.039539933
2 4 0.34033906
2 5 -0.4475069
2 6 0.49165857
2 7 0.6234224
3 0 -0.14638877
3 1 -0.89920557
3 2 -0.19048154
3 3 -0.883302
3 4 -0.3069986
3 5 -0.51710224
3 6 0.13842487
3 7 0.21711397
4 0 0.104926944
4 1 0.8679551
4 2 -0.27868688
4 3 -0.01403141
4 4 -0.39716625
4 5 0.91860926
4 6 -0.8115721
4 7 -0.37442577
0 0 0.5953386
0 1 0.6161872
0 2 -0.7919985
0 3 0.7228128
1 0 0.93765247
1 1 0.41021442
1 2 -0.88015807
1 3 -0.50036836
2 0 -0.12099087
2 1 0.05285263
2 2 -0.640082
2 3 -0.9305326
3 0 0.95253026
3 1 -0.5846703
3 2 0.91472757
3 3 -0.6087849
4 0 0.17534518
4 1 -0.54540515
4 2 -0.95609164
4 3 -0.7397994
5 0 -0.94750464
5 1 0.9781139
5 2 0.52545786
5 3 -0.96940196
6 0 0.2710737
6 1 0.8980013
6 2 0.8135866
6 3 0.109080315
7 0 0.50032246
7 1 -0.9911041
7 2 0.01440382
7 3 0.90964437
