0 0 -0.034329295
0 1 -0.3934734
0 2 0.22692335
0 3 -0.27511704
0 4 0.28856516
0 5 -0.75230086
0 6 -0.92803085
0 7 -0.9487666
1 0 -0.2337389
1 1 0.21389139
1 2 -0.31030965
1 3 -0.60422146
1 4 -0.15914106
1 5 -0.08585811
1 6 -0.11444175
1 7 -0.644166
2 0 -0.84284246
2 1 -0.48395407
2 2 -0.52653325
2 3 -0.11783981
2 4 -0.9164612
2 5 -0.05256903
2 6 -0.91192937
2 7 0.84885395
3 0 0.08908105
3 1 -0.27020764
3 2 0.27912986
3 3 -0.04579258
3 4 -0.39473915
3 5 -0.96868634
3 6 0.47560883
3 7 0.49730003
4 0 -0.27919972
4 1 0.73055625
4 2 0.71883893
4 3 -0.71861243
4 4 -0.63016236
4 5 -0.41138077
4 6 0.53833735
4 7 -0.72458124
0 0 -0.36670852
0 1 -0.9884529
0 2 0.9281374
0 3 0.97115946
1 0 -0.15605295
1 1 -0.19891143
1 2 -0.32074273
1 3 0.38868046
2 0 0.73655045
2 1 -0.02307856
2 2 -0.9050342
2 3 -0.77821624
3 0 0.69044745
3 1 -0.27528775
3 2 -0.22417724
3 3 -0.97696567
4 0 -0.14431
4 1 -0.91927385
4 2 -0.7166693
4 3 0.9823688
5 0 0.72194254
5 1 0.6852058
5 2 -0.69702935
5 3 -0.3380252
6 0 -0.52290416
6 1 -0.81526875
6 2 0.8141428
6 3 0.9527303
7 0 0.70962465
7 1 -0.7191671
7 2 0.7771418
7 3 -0.015335083
