0 0 0.62223065
0 1 -0.9877988
0 2 -0.7492485
0 3 0.521518
0 4 -0.56211245
0 5 -0.45349634
0 6 -0.8277706
0 7 0.018214822
1 0 0.10356915
1 1 -0.2921096
1 2 -0.75326204
1 3 -0.6877332
1 4 0.09108472
1 5 0.9348618
1 6 -0.67296255
1 7 0.08435309
2 0 -0.9817903
2 1 0.6094996
2 2 0.34787357
2 3 0.19994044
2 4 -0.044345617
2 5 -0.8717514
2 6 -0.231269
2 7 -0.20959091
3 0 -0.66845727
3 1 -0.73276305
3 2 0.31699383
3 3 0.4693948
3 4 0.8550861
3 5 0.5908935
3 6 -0.17356873
3 7 0.12144971
4 0 -0.07756102
4 1 0.77518404
4 2 -0.97513163
4 3 -0.6608952
4 4 -0.96498203
4 5 -0.3890369
4 6 -0.523563
4 7 -0.44541788
0 0 0.6136348
0 1 -0.066830516
0 2 0.3033377
0 3 0.7313167
1 0 -0.35336185
1 1 -0.86641324
1 2 0.48120904
1 3 -0.55304825
2 0 -0.5608419
2 1 0.6356052
2 2 0.5088923
2 3 -0.1063714
3 0 0.5620041
3 1 -0.35295427
3 2 -0.90826666
3 3 -0.8954569
4 0 0.3175547
4 1 0.6011133
4 2 0.54797876
4 3 -0.76954246
5 0 -0.31288612
5 1 0.41662037
5 2 0.25692832
5 3 -0.6400298
6 0 0.99694574
6 1 0.5587286
6 2 0.32820165
6 3 0.90792966
7 0 -0.70792305
7 1 -0.10620713
7 2 0.4029007
7 3 0.47377026
