0 0 -0.74782836
0 1 0.9341075
0 2 -0.9852445
0 3 -0.015670776
0 4 0.46658522
0 5 -0.051566556
0 6 0.5968155
0 7 0.05574085
1 0 0.22458084
1 1 -0.09035945
1 2 -0.0063601956
1 3 0.075982615
1 4 -0.5208288
1 5 0.09485884
1 6 0.73150265
1 7 0.91515434
2 0 -0.7375326
2 1 0.35851538
2 2 0.32608935
2 3 -0.28529626
2 4 0.09748852
2 5 0.24906816
2 6 0.15399837
2 7 -0.6925076
3 0 0.9105406
3 1 0.13915566
3 2 -0.53180087
3 3 0.4180374
3 4 -0.5064738
3 5 -0.12861276
3 6 -0.41536045
3 7 0.14135206
4 0 -0.27532482
4 1 -0.8752311
4 2 -0.78150123
4 3 0.28295493
4 4 -0.5599338
4 5 -0.6899073
4 6 0.093811914
4 7 -0.36893898
0 0 0.36943275
0 1 0.8763128
0 2 -0.94571495
0 3 -0.5569696
1 0 0.736238
1 1 -0.9098373
1 2 -0.89180684
1 3 0.85402954
2 0 -0.7596537
2 1 -0.8804264
2 2 0.23677146
2 3 0.8279108
3 0 -0.3764329
3 1 -0.58318025
3 2 -0.27492905
3 3 -1.0
4 0 -0.8291867
4 1 -0.1327573
4 2 0.8043078
4 3 -0.48770416
5 0 0.15747221
5 1 -0.7007923
5 2 0.40599364
5 3 -0.7105763
6 0 0.93558496
6 1 -0.62622464
6 2 -0.15444791
6 3 0.24749744
7 0 -0.7543282
7 1 0.761469
7 2 0.7582115
7 3 -0.44197142
