0 0 0.6430434
0 1 0.9435581
0 2 -0.6784153
0 3 -0.6301298
0 4 0.5841845
0 5 -0.6592369
0 6 0.026334047
0 7 0.5194675
1 0 0.7643856
1 1 0.13200653
1 2 -0.5111183
1 3 0.9012954
1 4 0.33418763
1 5 0.16940367
1 6 -0.42636
1 7 0.74027824
2 0 -0.9146532
2 1 -0.5482415
2 2 0.21499527
2 3 -0.8797827
2 4 -0.9562615
2 5 -0.33945024
2 6 0.7853888
2 7 0.6149466
3 0 -0.47301412
3 1 0.38750458
3 2 0.38901985
3 3 0.6920643
3 4 -0.07996297
3 5 0.4656781
3 6 0.9279344
3 7 -0.35647917
4 0 0.80006874
4 1 0.5617473
4 2 0.5595237
4 3 0.3442278
4 4 -0.8984827
4 5 -0.37055814
4 6 0.53301907
4 7 -0.37759888
0 0 0.24688184
0 1 -0.1760273
0 2 -0.75777876
0 3 0.8830279
1 0 0.4795847
1 1 -0.8224076
1 2 -0.7965559
1 3 -0.17065644
2 0 0.8282733
2 1 -0.33917737
2 2 -0.7412478
2 3 -0.32151568
3 0 -0.5796281
3 1 -0.5924767
3 2 -0.031444907
3 3 0.69973755
4 0 -0.6343994
4 1 -0.14884198
4 2 0.40423656
4 3 0.7815058
5 0 0.67295265
5 1 0.57192945
5 2 0.5467788
5 3 -0.8480668
6 0 0.078908086
6 1 -0.16127169
6 2 0.5635381
6 3 -0.53493905
7 0 0.08833945
7 1 0.47614837
7 2 0.35096908
7 3 -0.12240219
