0 0 0.6955215
0 1 0.26772904
0 2 -0.5690597
0 3 -0.6023272
0 4 -0.9080622
0 5 -0.34165108
0 6 0.7564585
0 7 -0.8911842
1 0 -0.16850829
1 1 -0.5574509
1 2 -0.41451228
1 3 -0.4968648
1 4 0.5959009
1 5 0.47077167
1 6 -0.03143108
1 7 0.3165835
2 0 0.2109878
2 1 -0.5576539
2 2 0.36932504
2 3 -0.77475536
2 4 0.28344667
2 5 0.55698395
2 6 0.40666616
2 7 0.10336864
3 0 -0.84352636
3 1 -0.950897
3 2 0.5605955
3 3 0.46481204
3 4 0.5518482
3 5 -0.56583107
3 6 -0.54514265
3 7 0.86338985
4 0 0.18243814
4 1 0.19440508
4 2 -0.49240804
4 3 0.6519549
4 4 -0.21047878
4 5 -0.5940138
4 6 -0.09543991
4 7 -0.7715547
0 0 -0.4830364
0 1 -0.9196906
0 2 0.48470163
0 3 -0.26052654
1 0 0.34363115
1 1 -0.21645546
1 2 -0.9976264
1 3 0.83425
2 0 -0.9478704
2 1 -0.6569747
2 2 0.8933991
2 3 -0.713951
3 0 0.5430312
3 1 0.4840536
3 2 0.95313585
3 3 0.60350585
4 0 -0.6326442
4 1 -0.68950796
4 2 0.8454596
4 3 -0.22541082
5 0 -0.6643281
5 1 0.29750085
5 2 0.9944403
5 3 -0.6868993
6 0 0.6904907
6 1 0.46157932
6 2 -0.16061008
6 3 0.2583121
7 0 -0.6484175
7 1 0.57458603
7 2 -0.38603902
7 3 -0.18365479
