0 0 0.5645114
0 1 0.5813278
0 2 0.40626198
0 3 0.27278745
0 4 -0.10776055
0 5 0.36405718
0 6 -0.38194907
0 7 0.10532412
1 0 0.691116
1 1 0.42128825
1 2 0.60482836
1 3 0.03498566
1 4 0.25466
1 5 -0.915653
1 6 0.7755749
1 7 -0.88009834
2 0 -0.10241032
2 1 -0.37752628
2 2 -0.54211086
2 3 -0.66489315
2 4 0.13628721
2 5 -0.99491894
2 6 0.97508013
2 7 0.59075177
3 0 -0.2599063
3 1 -0.5120081
3 2 0.73171806
3 3 0.77370197
3 4 0.99880886
3 5 -0.77438927
3 6 0.8513503
3 7 0.37171113
4 0 -0.014139414
4 1 -0.83110833
4 2 0.64750624
4 3 -0.34622502
4 4 -0.96331763
4 5 -0.8528787
4 6 -0.115527704
4 7 -0.49964416
0 0 0.6723381
0 1 -0.630875
0 2 0.9680749
0 3 -0.32078403
1 0 -0.1249181
1 1 0.5885324
1 2 0.43030643
1 3 0.66720754
2 0 0.092270255
2 1 -0.9854995
2 2 0.57406545
2 3 -0.69283426
3 0 0.40814114
3 1 -0.85431504
3 2 0.13278317
3 3 0.6833453
4 0 0.43499082
4 1 0.7022953
4 2 -0.80437374
4 3 0.044050694
5 0 -0.61777353
5 1 -0.72732186
5 2 0.5443356
5 3 -0.21890223
6 0 0.07208347
6 1 0.94396675
6 2 0.567402
6 3 0.74894726
7 0 0.5899693
7 1 0.8150122
7 2 0.61365855
7 3 -0.057314277
