0 0 -0.8065921
0 1 -0.04612708
0 2 -0.40176758
0 3 -0.33520436
0 4 -0.8053665
0 5 -0.61800754
0 6 0.791389
0 7 -0.370515
1 0 0.7692419
1 1 -0.13259554
1 2 0.10524571
1 3 -0.35030365
1 4 0.7920269
1 5 0.9178066
1 6 0.07755625
1 7 0.15274894
2 0 -0.7660831
2 1 -0.11639579
2 2 0.9075898
2 3 -0.5928639
2 4 -0.24745406
2 5 0.15303361
2 6 -0.3699336
2 7 0.8384353
3 0 0.5192353
3 1 -0.076939225
3 2 -0.73640347
3 3 -0.32084668
3 4 -0.12501836
3 5 0.49207115
3 6 -0.70372236
3 7 -0.69645774
4 0 0.30565417
4 1 -0.44931892
4 2 -0.6175009
4 3 -0.75361705
4 4 0.57375884
4 5 -0.11768079
4 6 0.7234906
4 7 0.755496
0 0 -0.5396414
0 1 -0.7159599
0 2 -0.40152264
0 3 -0.17699492
1 0 0.94110453
1 1 0.72768056
1 2 0.7308017
1 3 0.031306982
2 0 -0.03627622
2 1 -0.42114246
2 2 0.440845
2 3 -0.9733763
3 0 0.07498896
3 1 -0.5089804
3 2 0.17510772
3 3 -0.8820849
4 0 0.96762717
4 1 -0.15779126
4 2 0.074493766
4 3 0.9043387
5 0 0.0030928552
5 1 -0.5123449
5 2 -0.89433074
5 3 -0.9643276
6 0 0.98830366
6 1 -0.73904645
6 2 -0.49871993
6 3 0.19353688
7 0 0.022103548
7 1 -0.9214891
7 2 0.6893512
7 3 -0.49081856
