0 0 -0.36649287
0 1 0.033895254
0 2 0.5369006
0 3 0.13237941
0 4 -0.42849475
0 5 0.8448839
0 6 -0.4287566
0 7 -0.23759723
1 0 -1.0
1 1 0.94780576
1 2 -0.29010952
1 3 0.16747144
1 4 0.8125564
1 5 -0.5706061
1 6 -0.96636736
1 7 0.21959639
2 0 -0.568967
2 1 -0.6217569
2 2 0.5485363
2 3 0.17205688
2 4 0.23088849
2 5 0.5525832
2 6 0.0976249
2 7 0.34189272
3 0 0.29559046
3 1 0.66381705
3 2 0.35981488
3 3 -0.26368824
3 4 0.23294091
3 5 -1.0
3 6 0.9047153
3 7 -0.40712738
4 0 -0.30503577
4 1 -0.98937345
4 2 0.70214915
4 3 -0.867247
4 4 -0.244446
4 5 -0.04858136
4 6 -0.62700564
4 7 -0.03763531
0 0 0.504189
0 1 0.3053078
0 2 0.9839847
0 3 -0.21275306
1 0 -0.9065163
1 1 -0.9985297
1 2 -0.29074347
1 3 -0.65244794
2 0 0.62086165
2 1 0.036739707
2 2 0.9204273
2 3 0.41754693
3 0 -0.73000276
3 1 -0.91586566
3 2 -0.5085116
3 3 0.75212526
4 0 -0.33278346
4 1 -0.38190067
4 2 0.057131216
4 3 -0.41185534
5 0 0.21380493
5 1 -0.80944407
5 2 -0.459562
5 3 -0.9404068
6 0 0.7246165
6 1 -1.0
6 2 0.59244937
6 3 0.22743785
7 0 -0.2514739
7 1 -0.6531039
7 2 0.0022264272
7 3 -0.21125396
