0 0 -0.80940735
0 1 -0.46664873
0 2 -0.21030974
0 3 -0.69828165
0 4 0.46577823
0 5 0.5346061
0 6 -0.34492898
0 7 0.77700174
1 0 -0.81750596
1 1 0.12733161
1 2 0.40997875
1 3 0.430457
1 4 -0.65740263
1 5 -0.6471869
1 6 -0.79799247
1 7 0.627754
2 0 0.9078022
2 1 0.6510145
2 2 0.119618416
2 3 0.13356769
2 4 0.20562851
2 5 0.7933016
2 6 0.7882823
2 7 -0.53705204
3 0 -0.051067114
3 1 0.9770906
3 2 0.29976916
3 3 -0.14609504
3 4 -0.6646335
3 5 -0.5553657
3 6 0.81658816
3 7 0.9824053
4 0 0.45473146
4 1 0.35904264
4 2 0.8665594
4 3 0.18592966
4 4 0.0031760186
4 5 0.8693994
4 6 -0.63125217
4 7 -0.49765205
0 0 0.60763144
0 1 -0.18395686
0 2 0.99164474
0 3 0.28222257
1 0 0.11237526
1 1 0.10150242
1 2 0.80486965
1 3 -0.8382205
2 0 -0.7146733
2 1 0.19714105
2 2 0.64210695
2 3 -0.6141281
3 0 -0.18886518
3 1 0.89156353
3 2 0.5427344
3 3 0.39067823
4 0 0.68620276
4 1 -0.42822754
4 2 -0.7473973
4 3 0.35675776
5 0 0.7275214
5 1 -0.6860806
5 2 0.054589346
5 3 -0.7965872
6 0 1.0
6 1 0.630443
6 2 0.42065048
6 3 -0.550786
7 0 -0.07851827
7 1 0.68890405
7 2 0.24738681
7 3 0.51284885
