0 0 0.042184234
0 1 -0.1271559
0 2 0.64486897
0 3 -0.96279824
0 4 -0.69745314
0 5 0.24640048
0 6 -0.26849103
0 7 0.01353097
1 0 -0.7962575
1 1 0.6680124
1 2 -0.37405825
1 3 0.7971885
1 4 0.9993911
1 5 0.22334385
1 6 0.41655612
1 7 0.04242909
2 0 -0.48674667
2 1 -0.43173802
2 2 -0.03189969
2 3 -0.48157144
2 4 -0.56716526
2 5 0.13910115
2 6 -0.1722467
2 7 -0.56971323
3 0 -0.84185696
3 1 0.93337655
3 2 -0.20130527
3 3 -0.5777259
3 4 -0.7801434
3 5 0.40818548
3 6 -0.8164203
3 7 -0.34266305
4 0 0.68302727
4 1 0.54583335
4 2 -0.334517
4 3 -0.013090014
4 4 -0.90533864
4 5 -0.4751315
4 6 -0.19103885
4 7 -0.025366426
0 0 0.73054874
0 1 0.98510444
0 2 -0.7535341
0 3 0.3326558
1 0 -0.005746484
1 1 -0.23101771
1 2 0.56426823
1 3 -0.75792027
2 0 0.6961894
2 1 0.8466768
2 2 -0.20262015
2 3 -0.2116915
3 0 0.0013737679
3 1 -0.61718404
3 2 0.1460352
3 3 -0.76768446
4 0 0.5202602
4 1 0.47895205
4 2 -0.8203186
4 3 0.60123134
5 0 0.29866767
5 1 -0.16535437
5 2 0.32196212
5 3 -0.18663049
6 0 0.34222806
6 1 0.6240692
6 2 0.016936779
6 3 -0.39258575
7 0 0.32115996
7 1 -0.5964215
7 2 0.64908755
7 3 0.4327414
