0 0 -0.50149894
0 1 -0.9367831
0 2 0.261011
0 3 -0.61986804
0 4 0.7385609
0 5 -0.22026038
0 6 -0.19162977
0 7 0.91893435
1 0 0.6993407
1 1 -0.6919428
1 2 -0.07811165
1 3 -0.09362352
1 4 0.21733117
1 5 -0.26265824
1 6 -0.7391945
1 7 -0.977005
2 0 0.7692555
2 1 0.22773159
2 2 0.5599879
2 3 0.8259398
2 4 0.30456305
2 5 -0.5809357
2 6 0.19809468
2 7 0.61259353
3 0 -0.55931175
3 1 -0.24541903
3 2 0.26091945
3 3 0.7800245
3 4 -0.65883434
3 5 -0.9333837
3 6 0.5259706
3 7 -0.14826107
4 0 -0.24057868
4 1 -0.8642962
4 2 0.55777526
4 3 -1.0
4 4 0.11808259
4 5 -0.78069973
4 6 -0.9023632
4 7 0.98746544
0 0 -0.15133011
0 1 0.52582264
0 2 -0.018485114
0 3 0.77570546
1 0 -0.3344252
1 1 -0.58483744
1 2 -0.26303875
1 3 -0.846855
2 0 0.836724
2 1 -0.17595342
2 2 0.13619304
2 3 -0.083729625
3 0 -0.049592614
3 1 -0.7009318
3 2 -0.22337306
3 3 -0.8944609
4 0 -0.8167566
4 1 -0.75024045
4 2 0.37931466
4 3 -0.42616057
5 0 -0.29568028
5 1 -0.992108
5 2 -0.044005588
5 3 -0.49051905
6 0 -0.8070476
6 1 0.6673152
6 2 0.98784983
6 3 -0.9151602
7 0 0.32556057
7 1 0.25282228
7 2 -0.5734103
7 3 1.0
