0 0 0.89728713
0 1 -0.6742153
0 2 -0.30728883
0 3 -0.5044781
0 4 -0.37205392
0 5 -0.5793015
0 6 -0.694443
0 7 -0.29980922
1 0 0.93496966
1 1 -0.22784805
1 2 -0.21493769
1 3 0.84319526
1 4 -0.1482358
1 5 -0.061757088
1 6 0.47199464
1 7 -0.33787024
2 0 -0.6413436
2 1 0.12518816
2 2 0.7027839
2 3 0.85010326
2 4 0.45933867
2 5 0.28153777
2 6 0.3059728
2 7 0.74312407
3 0 0.5594038
3 1 0.48369646
3 2 -0.4606471
3 3 -0.72968674
3 4 0.45416766
3 5 -0.87197685
3 6 0.31156766
3 7 0.849439
4 0 -0.38882834
4 1 -0.7415638
4 2 0.72131056
4 3 -0.20935345
4 4 -0.9583719
4 5 -0.5534749
4 6 -0.26679265
4 7 0.459787
0 0 0.10668075
0 1 -0.86426437
0 2 -0.43430543
0 3 0.28336847
1 0 -0.39095047
1 1 0.6090795
1 2 -0.24186003
1 3 0.0860548
2 0 -0.55174077
2 1 -0.99764335
2 2 0.03280449
2 3 -0.043469667
3 0 0.77420616
3 1 -0.012698293
3 2 0.8222226
3 3 -0.761165
4 0 0.3704468
4 1 0.4238435
4 2 0.7344451
4 3 0.5563318
5 0 -0.26705647
5 1 -0.9081444
5 2 0.4977064
5 3 -0.7699406
6 0 -0.36402595
6 1 -0.79701614
6 2 0.06608404
6 3 -0.06715262
7 0 0.8930043
7 1 0.99152565
7 2 -0.36344874
7 3 -0.035427213
