0 0 -0.6906868
0 1 -0.2427448
0 2 0.3767748
0 3 -0.51940596
0 4 0.17292929
0 5 -0.6905403
0 6 0.76802707
0 7 -0.2485162
1 0 0.7322751
1 1 0.16412783
1 2 0.13083136
1 3 -0.47132587
1 4 -0.368958
1 5 0.29322684
1 6 0.53127515
1 7 0.9546871
2 0 0.49954832
2 1 -0.6397276
2 2 -0.36858666
2 3 0.89996445
2 4 0.78133595
2 5 0.24013805
2 6 -0.8558079
2 7 0.8449731
3 0 -0.5995623
3 1 -0.23752046
3 2 -0.13947725
3 3 0.13399827
3 4 0.8921387
3 5 0.942552
3 6 -0.91994166
3 7 0.5670134
4 0 0.091015935
4 1 0.12149823
4 2 -0.6279763
4 3 -0.8283396
4 4 -0.9006847
4 5 0.041438222
4 6 -0.37610912
4 7 0.6548872
0 0 0.048285246
0 1 0.14177144
0 2 0.50885296
0 3 0.82666993
1 0 -0.3518716
1 1 -0.59883034
1 2 -0.19572997
1 3 -0.27372265
2 0 -0.73679745
2 1 -0.60983133
2 2 0.6901028
2 3 0.43071604
3 0 0.3437183
3 1 0.27370584
3 2 0.2976563
3 3 0.9076028
4 0 -0.37961757
4 1 -0.8507086
4 2 0.69479454
4 3 0.76925445
5 0 -0.8175683
5 1 0.0688808
5 2 -0.7045071
5 3 0.5260371
6 0 -0.8982531
6 1 -0.47867668
6 2 0.7617396
6 3 -0.28401864
7 0 0.8569324
7 1 -0.89585257
7 2 -0.0017820597
7 3 0.051628113
