0 0 -0.36649287
0 1 0.033895254
0 2 0.5369006
0 3 0.13237941
0 4 -0.42849475
0 5 0.8448839
0 6 -0.4287566
0 7 -0.23759723
1 0 -1.0
1 1 0.94780576
1 2 -0.29010952
1 3 0.15618873
1 4 0.9124919
1 5 -0.5706061
1 6 -0.87156427
1 7 0.21959639
2 0 -0.568967
2 1 -0.6217569
2 2 0.5485363
2 3 0.23519047
2 4 0.23088849
2 5 0.60132253
2 6 0.0976249
2 7 0.34189272
3 0 0.29559046
3 1 0.66381705
3 2 0.35981488
3 3 -0.26867214
3 4 0.23294091
3 5 -1.0
3 6 0.9047153
3 7 -0.40712738
4 0 -0.30503577
4 1 -0.98937345
4 2 0.70214915
4 3 -0.867247
4 4 -0.244446
4 5 0.08611278
4 6 -0.62700564
4 7 -0.03763531
0 0 0.64908594
0 1 0.49903625
0 2 1.0
0 3 -0.21275306
1 0 -0.9065163
1 1 -0.9985297
1 2 -0.39597583
1 3 -0.65244794
2 0 0.62086165
2 1 0.036739707
2 2 0.9204273
2 3 0.5714423
3 0 -0.73000276
3 1 -0.91586566
3 2 -0.5085116
3 3 0.71410155
4 0 -0.5271711
4 1 -0.38190067
4 2 0.13982421
4 3 -0.41185534
5 0 0.28627205
5 1 -0.9864258
5 2 -0.47324902
5 3 -0.9404068
6 0 0.7246165
6 1 -0.93719447
6 2 0.59244937
6 3 0.22743785
7 0 -0.40374213
7 1 -0.6202151
7 2 0.0022264272
7 3 -0.21125396
