0 0 0.5337267
0 1 0.72640634
0 2 -0.35098362
0 3 0.39629042
0 4 -0.37373865
0 5 0.49862456
0 6 0.34707332
0 7 0.12369144
1 0 0.28037357
1 1 -0.31016016
1 2 -0.2773404
1 3 -0.11708987
1 4 -0.23508775
1 5 0.16055894
1 6 -0.7162924
1 7 -0.41095674
2 0 -0.79356694
2 1 -0.043739915
2 2 0.46308672
2 3 -0.7860118
2 4 0.9960035
2 5 -0.87525535
2 6 0.76718426
2 7 0.3039049
3 0 0.9875207
3 1 0.87328684
3 2 0.49157882
3 3 -0.4993775
3 4 0.6855391
3 5 0.17549992
3 6 -0.3301282
3 7 -0.00885129
4 0 0.48768198
4 1 0.71051466
4 2 0.6714468
4 3 0.0074771643
4 4 0.0037431717
4 5 -0.21647656
4 6 0.37253535
4 7 0.105737805
0 0 0.9288013
0 1 0.13111806
0 2 -0.046173453
0 3 -0.14583862
1 0 -0.65950704
1 1 -0.8424789
1 2 0.2695247
1 3 0.2943579
2 0 -0.40825188
2 1 -0.014558911
2 2 0.31107414
2 3 -0.1927135
3 0 0.18172348
3 1 0.9507344
3 2 -0.24118733
3 3 -0.83244085
4 0 -0.35741138
4 1 -0.057497025
4 2 0.9629046
4 3 -0.88288105
5 0 0.14266133
5 1 -0.18494296
5 2 -0.81137645
5 3 0.89789474
6 0 -0.7271155
6 1 -0.5930108
6 2 0.64923906
6 3 -0.824988
7 0 0.48070717
7 1 0.3333218
7 2 0.062470794
7 3 0.6360642
