0 0 0.52918756
0 1 0.7817292
0 2 -0.0865258
0 3 0.15398705
0 4 -0.19359696
0 5 -0.47981322
0 6 0.26787686
0 7 -0.89615023
1 0 0.4679556
1 1 0.8682127
1 2 -0.70718884
1 3 -0.6087456
1 4 -0.82780886
1 5 0.534547
1 6 -0.96358085
1 7 0.18301392
2 0 0.78678715
2 1 0.13272691
2 2 0.9366646
2 3 -0.23636687
2 4 -0.44268525
2 5 -0.15717828
2 6 -0.8262913
2 7 0.9614872
3 0 0.5433192
3 1 0.923373
3 2 0.15180457
3 3 0.80971014
3 4 0.91071475
3 5 0.66268826
3 6 -0.76028645
3 7 -0.47866786
4 0 0.87107015
4 1 -0.25955045
4 2 -0.33138943
4 3 0.3899802
4 4 -0.9819056
4 5 -0.845222
4 6 0.15204382
4 7 0.07039285
0 0 -0.37501156
0 1 -0.7119118
0 2 -0.5974339
0 3 0.16935146
1 0 0.26028395
1 1 0.1751529
1 2 -0.3957535
1 3 -0.8340678
2 0 0.51253736
2 1 -0.65707004
2 2 0.17072618
2 3 0.51497436
3 0 0.37523973
3 1 0.8642626
3 2 0.1673758
3 3 0.16038609
4 0 0.15324903
4 1 -0.4368049
4 2 0.7772831
4 3 0.5426091
5 0 -0.13710237
5 1 -0.90875804
5 2 0.5993135
5 3 -0.869231
6 0 -0.20711815
6 1 0.2306391
6 2 -0.3813219
6 3 -0.69548726
7 0 -0.0134449005
7 1 0.047801375
7 2 0.90389323
7 3 -0.5307163
