0 0 0.5638505
0 1 -0.57883215
0 2 0.35787523
0 3 -0.29126108
0 4 0.33621073
0 5 0.07093406
0 6 -0.18168247
0 7 0.35652637
1 0 0.40499485
1 1 -0.49269986
1 2 0.8099868
1 3 0.91840863
1 4 0.8644465
1 5 -0.4973868
1 6 -0.0970788
1 7 -0.09047902
2 0 0.35629964
2 1 -0.97498274
2 2 -0.71199226
2 3 0.736271
2 4 -0.31208658
2 5 0.27011108
2 6 0.8688915
2 7 0.09055233
3 0 -0.24768686
3 1 0.11350024
3 2 0.11870372
3 3 0.4653908
3 4 -0.6243458
3 5 0.115795135
3 6 0.71047735
3 7 -0.6213136
4 0 0.72972417
4 1 -0.45857966
4 2 -0.8431277
4 3 -0.1617117
4 4 0.24446201
4 5 -0.53475595
4 6 -0.8116876
4 7 0.28858328
0 0 0.07133329
0 1 -0.9443327
0 2 -0.65484
0 3 0.255875
1 0 -0.35281897
1 1 0.06480026
1 2 0.52671564
1 3 0.32306683
2 0 -0.11440146
2 1 0.8573624
2 2 -0.92355156
2 3 0.23584044
3 0 0.10588932
3 1 -0.19216216
3 2 -0.28099072
3 3 -0.14887881
4 0 -0.34351826
4 1 -0.66563416
4 2 0.4116038
4 3 0.41894042
5 0 -0.010270476
5 1 -0.63178587
5 2 0.32275438
5 3 0.13182974
6 0 0.91903067
6 1 -0.26387036
6 2 0.8792143
6 3 -0.07109749
7 0 0.18911052
7 1 0.22226524
7 2 0.5818759
7 3 -0.19170427
