0 0 0.62385297
0 1 0.1960274
0 2 0.04238355
0 3 -0.3781904
0 4 0.0604887
0 5 0.3489468
0 6 0.48249245
0 7 -0.7725049
1 0 0.40735245
1 1 -0.9565743
1 2 0.7491746
1 3 0.7632469
1 4 0.46511352
1 5 0.029093742
1 6 0.13569975
1 7 0.8554187
2 0 -0.20538259
2 1 -0.18328536
2 2 0.63402784
2 3 0.023072243
2 4 0.870525
2 5 -0.2419653
2 6 -0.5436982
2 7 0.56349826
3 0 -0.34606802
3 1 -0.6088958
3 2 0.3297572
3 3 -0.6372113
3 4 -0.99431276
3 5 0.9875196
3 6 0.4362136
3 7 -0.7407129
4 0 -0.40032244
4 1 0.45590246
4 2 0.95527506
4 3 0.2182734
4 4 0.40686083
4 5 -0.87812114
4 6 0.83559406
4 7 -0.18324542
0 0 0.65823376
0 1 -0.11827338
0 2 0.11613536
0 3 -0.008744001
1 0 0.24143982
1 1 0.18386805
1 2 0.08562672
1 3 -0.571216
2 0 0.5557984
2 1 -0.99511683
2 2 -0.6791029
2 3 -0.20229554
3 0 0.28987324
3 1 -0.86363864
3 2 -0.51760423
3 3 0.7933916
4 0 0.77125573
4 1 -0.22644114
4 2 -0.7520628
4 3 -0.058317304
5 0 -0.6217902
5 1 0.59066534
5 2 0.29496324
5 3 -0.35382438
6 0 0.9366708
6 1 -0.3991462
6 2 0.43992388
6 3 -0.87573385
7 0 0.5245125
7 1 -0.5611303
7 2 0.33458316
7 3 -0.15122485
