0 0 -0.5508764
0 1 0.9265282
0 2 0.5323678
0 3 0.72369015
0 4 0.7266283
0 5 -0.19470346
0 6 -0.5946417
0 7 -0.7430841
1 0 -0.30749607
1 1 -0.1470635
1 2 -0.61172044
1 3 -0.7814379
1 4 -0.5867598
1 5 0.41753113
1 6 -0.005142808
1 7 -0.1436317
2 0 -0.5310683
2 1 0.5363476
2 2 0.028408647
2 3 -0.7951728
2 4 -0.064813256
2 5 0.98148525
2 6 -0.30754197
2 7 -0.9231237
3 0 0.21507645
3 1 -0.19651413
3 2 0.24669242
3 3 0.5628475
3 4 -0.10816765
3 5 -0.3472948
3 6 0.14555633
3 7 0.70096767
4 0 0.5022565
4 1 0.22133315
4 2 -0.9368385
4 3 0.11179352
4 4 0.026201963
4 5 -0.4914571
4 6 -0.5684781
4 7 -0.2870226
0 0 -0.92403686
0 1 -0.8947493
0 2 0.4294964
0 3 0.12921166
1 0 -0.09080219
1 1 0.06749737
1 2 -0.13144255
1 3 -0.7801447
2 0 -0.83047533
2 1 -0.6510663
2 2 0.5211803
2 3 0.05461979
3 0 -0.09908414
3 1 0.24992716
3 2 0.3020996
3 3 0.6230531
4 0 0.13738465
4 1 0.37630796
4 2 -0.20302808
4 3 -0.8300785
5 0 0.021451354
5 1 0.55387414
5 2 0.17346323
5 3 0.06571853
6 0 0.7679163
6 1 0.7908703
6 2 -0.97599757
6 3 0.965436
7 0 -0.7907225
7 1 -0.5986154
7 2 0.47625983
7 3 -0.74830365
