0 0 -0.74782836
0 1 0.9341075
0 2 -0.9852445
0 3 -0.015670776
0 4 0.46658522
0 5 -0.07210958
0 6 0.5968155
0 7 0.05574085
1 0 0.2425555
1 1 -0.09035945
1 2 -0.0063601956
1 3 0.071663335
1 4 -0.5208288
1 5 0.15398324
1 6 0.73150265
1 7 0.91515434
2 0 -0.6208817
2 1 0.35851538
2 2 0.47588474
2 3 -0.28529626
2 4 0.09748852
2 5 0.07145321
2 6 0.15399837
2 7 -0.6925076
3 0 0.9105406
3 1 0.13757694
3 2 -0.5047524
3 3 0.4180374
3 4 -0.5118604
3 5 -0.12861276
3 6 -0.41536045
3 7 0.14135206
4 0 -0.27532482
4 1 -0.7149315
4 2 -0.78150123
4 3 0.28295493
4 4 -0.5599338
4 5 -0.6899073
4 6 0.093811914
4 7 -0.52624774
0 0 0.36943275
0 1 0.95967853
0 2 -0.94571495
0 3 -0.48308796
1 0 0.736238
1 1 -0.9098373
1 2 -0.80412745
1 3 0.85402954
2 0 -0.7919488
2 1 -0.8804264
2 2 0.23677146
2 3 1.0
3 0 -0.3764329
3 1 -0.58857214
3 2 -0.27492905
3 3 -1.0
4 0 -0.86916685
4 1 -0.1327573
4 2 0.8043078
4 3 -0.48770416
5 0 0.05908346
5 1 -0.7007923
5 2 0.44839072
5 3 -0.6262294
6 0 0.834563
6 1 -0.62622464
6 2 -0.15444791
6 3 0.24749744
7 0 -0.7543282
7 1 0.761469
7 2 0.7582115
7 3 -0.44197142
