0 0 0.84973407
0 1 0.648785
0 2 -0.3478248
0 3 0.45522594
0 4 -0.12542045
0 5 -0.9042531
0 6 0.5536151
0 7 0.749753
1 0 0.701782
1 1 0.6019274
1 2 0.8805485
1 3 0.90874577
1 4 -0.80493736
1 5 -0.05622959
1 6 -0.09510589
1 7 -0.9450458
2 0 0.4590068
2 1 -0.73737884
2 2 0.32823503
2 3 -0.14741278
2 4 0.3742776
2 5 0.8430964
2 6 -0.87760806
2 7 -0.06290829
3 0 0.815318
3 1 0.26560497
3 2 -0.8604096
3 3 0.6455368
3 4 0.27256715
3 5 -0.63598657
3 6 -0.31010282
3 7 0.6428952
4 0 -0.31378472
4 1 0.4304409
4 2 0.8061632
4 3 0.33840203
4 4 -0.07876003
4 5 0.6691158
4 6 -0.5376595
4 7 -0.7626536
0 0 0.42117202
0 1 0.2620716
0 2 0.042633295
0 3 -0.96783936
1 0 0.7742429
1 1 -0.645586
1 2 0.24564171
1 3 0.5388706
2 0 -0.029961944
2 1 -0.38959455
2 2 -0.8751577
2 3 0.048412323
3 0 -0.56646454
3 1 0.079387784
3 2 -0.2039243
3 3 0.5858561
4 0 -0.9312922
4 1 -0.6804415
4 2 -0.42794394
4 3 0.5342661
5 0 0.75423527
5 1 -0.033976793
5 2 -0.0925684
5 3 -0.5548904
6 0 0.39406788
6 1 0.1368339
6 2 -0.044008374
6 3 -0.7336283
7 0 0.77661633
7 1 0.71757793
7 2 -0.9391192
7 3 -0.90331614
