0 0 -0.004352927
0 1 -0.0073173046
0 2 0.6779462
0 3 0.48388183
0 4 0.61984706
0 5 0.044217587
0 6 0.09822643
0 7 0.5023161
1 0 0.6002705
1 1 0.6666204
1 2 0.9918736
1 3 0.39276314
1 4 -0.23639524
1 5 0.75305235
1 6 -0.3293693
1 7 -0.69682324
2 0 0.810668
2 1 0.55599034
2 2 -0.8654802
2 3 0.025630713
2 4 0.44366574
2 5 0.43338358
2 6 -0.51824856
2 7 -0.72204196
3 0 0.60391396
3 1 -0.8484317
3 2 0.46983665
3 3 -0.3888378
3 4 -0.9281416
3 5 0.49586165
3 6 -0.16458166
3 7 0.5973288
4 0 0.28712785
4 1 -0.87066215
4 2 0.37859964
4 3 0.3960924
4 4 -0.33896613
4 5 -0.15475905
4 6 -0.102900505
4 7 0.8530437
0 0 0.3967719
0 1 0.4779672
0 2 -0.35691845
0 3 0.35309315
1 0 0.5971066
1 1 0.34811628
1 2 0.5579088
1 3 -0.7752179
2 0 -0.6925602
2 1 -0.96240306
2 2 -0.7536253
2 3 0.6290231
3 0 -0.24237561
3 1 -0.6649344
3 2 0.59905934
3 3 -0.09360278
4 0 0.8384224
4 1 -0.4650283
4 2 0.1232357
4 3 0.31330574
5 0 0.80749476
5 1 0.07562697
5 2 -0.82559764
5 3 0.08597994
6 0 0.083851956
6 1 -0.3488258
6 2 -0.44022393
6 3 0.16774118
7 0 -0.058052063
7 1 -0.16021085
7 2 -0.81076753
7 3 0.8376614
