0 0 -0.6714579
0 1 -0.47073555
0 2 0.9524952
0 3 -0.3980826
0 4 -0.5984309
0 5 -0.5326873
0 6 -0.76917756
0 7 0.91564655
1 0 -0.53730273
1 1 0.033496737
1 2 0.15294588
1 3 -0.12917268
1 4 0.33583784
1 5 -0.834532
1 6 0.026588798
1 7 0.85938203
2 0 -0.7572466
2 1 0.7549051
2 2 0.50725067
2 3 0.051435947
2 4 -0.026645899
2 5 0.91953206
2 6 0.45071232
2 7 -0.40069342
3 0 -0.9567765
3 1 -0.24333358
3 2 0.9180608
3 3 -0.44074845
3 4 0.0018254519
3 5 -0.13978851
3 6 -0.06552088
3 7 0.82732606
4 0 -0.7870654
4 1 -0.6236112
4 2 -0.09060943
4 3 -0.74243534
4 4 0.83313453
4 5 0.89192
4 6 0.097052336
4 7 -0.30736947
0 0 0.27295434
0 1 0.98593843
0 2 0.47468388
0 3 0.27383316
1 0 0.07780814
1 1 -0.7659557
1 2 0.5822792
1 3 -0.84998643
2 0 0.3830726
2 1 0.13624191
2 2 -0.3717929
2 3 0.77051437
3 0 -0.6186633
3 1 -0.43708754
3 2 -0.77736664
3 3 -0.8202176
4 0 0.62328994
4 1 0.49361598
4 2 0.9430312
4 3 0.13988733
5 0 0.52132785
5 1 0.0877769
5 2 0.33015823
5 3 -0.84162617
6 0 0.7324586
6 1 0.4058224
6 2 -0.5923042
6 3 -0.5853262
7 0 0.7914363
7 1 -0.26798332
7 2 0.2443552
7 3 -0.36269498
