0 0 0.5645114
0 1 0.5813278
0 2 0.42210448
0 3 0.27278745
0 4 -0.10776055
0 5 0.36405718
0 6 -0.38194907
0 7 0.27791727
1 0 0.691116
1 1 0.42128825
1 2 0.60482836
1 3 0.03498566
1 4 0.25466
1 5 -0.915653
1 6 0.7755749
1 7 -0.88009834
2 0 -0.10241032
2 1 -0.37752628
2 2 -0.53454816
2 3 -0.607244
2 4 0.13628721
2 5 -0.8670732
2 6 0.8399676
2 7 0.59075177
3 0 -0.2599063
3 1 -0.48999226
3 2 0.73171806
3 3 0.6824385
3 4 0.99880886
3 5 -0.77438927
3 6 0.8513503
3 7 0.37171113
4 0 -0.014139414
4 1 -0.83110833
4 2 0.64750624
4 3 -0.40692604
4 4 -0.96331763
4 5 -0.8528787
4 6 -0.12000489
4 7 -0.49964416
0 0 0.6723381
0 1 -0.630875
0 2 0.9680749
0 3 -0.51460075
1 0 -0.1249181
1 1 0.74855626
1 2 0.43030643
1 3 0.49351156
2 0 0.092270255
2 1 -0.9854995
2 2 0.57406545
2 3 -0.69283426
3 0 0.26607704
3 1 -0.85431504
3 2 0.13278317
3 3 0.6833453
4 0 0.24823105
4 1 0.7022953
4 2 -0.8200848
4 3 0.044050694
5 0 -0.61777353
5 1 -0.72732186
5 2 0.5443356
5 3 -0.21890223
6 0 0.07208347
6 1 0.94396675
6 2 0.567402
6 3 0.74894726
7 0 0.5899693
7 1 0.8150122
7 2 0.61365855
7 3 -0.057314277
