0 0 0.7329352
0 1 0.037318483
0 2 0.5900059
0 3 -0.09906185
0 4 0.70292705
0 5 0.39896625
0 6 -0.25584614
0 7 -0.1580944
1 0 -0.33965623
1 1 0.04410422
1 2 0.10226703
1 3 0.071786046
1 4 0.61915946
1 5 -0.5120424
1 6 0.88225067
1 7 0.5123768
2 0 0.38065636
2 1 0.9593861
2 2 0.10019863
2 3 -0.011198044
2 4 -0.43748146
2 5 0.7035786
2 6 -0.7914864
2 7 0.5414165
3 0 -0.63323534
3 1 -0.30718148
3 2 -0.31768882
3 3 -0.37686682
3 4 -0.76157486
3 5 0.7477554
3 6 0.73070765
3 7 -0.8741317
4 0 0.75824285
4 1 0.20052516
4 2 -0.5318897
4 3 0.87601113
4 4 0.6727861
4 5 -0.5598706
4 6 0.5199699
4 7 -0.21671116
0 0 -0.2401228
0 1 -0.302333
0 2 -0.69629467
0 3 -0.3638425
1 0 0.069868684
1 1 -0.24166167
1 2 -0.8073383
1 3 0.18214786
2 0 -0.065223336
2 1 -0.9835131
2 2 0.5036074
2 3 -0.15803885
3 0 0.89196
3 1 0.41345763
3 2 0.7958467
3 3 -0.4336934
4 0 0.16008371
4 1 -0.28388274
4 2 -0.25330186
4 3 0.995507
5 0 0.3495586
5 1 -0.3868518
5 2 0.7025417
5 3 -0.60308933
6 0 0.29659188
6 1 0.101557896
6 2 0.77411854
6 3 0.9290564
7 0 0.17592967
7 1 0.55212
7 2 0.9178208
7 3 0.53773284
