0 0 0.22394896
0 1 0.8083321
0 2 0.93204033
0 3 -0.5917555
0 4 0.1967014
0 5 -0.38657165
0 6 -0.5301584
0 7 0.3171804
1 0 -0.7602811
1 1 -0.41886532
1 2 0.8123584
1 3 -0.3535092
1 4 0.8436811
1 5 -0.39849102
1 6 -0.62659335
1 7 0.06544137
2 0 -0.28136706
2 1 0.044241548
2 2 -0.75260115
2 3 -0.06062448
2 4 -0.69893014
2 5 0.11201882
2 6 -0.6948706
2 7 -0.03842783
3 0 -0.91797876
3 1 -0.87247705
3 2 -0.30918348
3 3 0.612489
3 4 0.21795595
3 5 -0.0072886944
3 6 -0.5264257
3 7 -0.5670186
4 0 0.6391138
4 1 -0.9226004
4 2 -0.6222038
4 3 0.07868147
4 4 -0.60818183
4 5 0.0890404
4 6 0.51305974
4 7 -0.052805066
0 0 0.64283335
0 1 0.68952405
0 2 0.88613987
0 3 0.30881894
1 0 0.9415256
1 1 0.18166196
1 2 -0.59719396
1 3 -0.17294359
2 0 -0.30761683
2 1 -0.8071842
2 2 -0.09121013
2 3 0.16051078
3 0 -0.044540405
3 1 -0.57775736
3 2 0.5874162
3 3 0.057231665
4 0 -0.3090557
4 1 -0.040284395
4 2 -0.6080997
4 3 -0.41803753
5 0 -0.6720457
5 1 0.9746691
5 2 0.9655006
5 3 -0.5170418
6 0 -0.5953145
6 1 0.5476043
6 2 0.17108774
6 3 0.36630523
7 0 0.24139202
7 1 -0.31992018
7 2 0.54801905
7 3 0.4914317
