0 0 -0.8315406
0 1 0.9341075
0 2 -0.9852445
0 3 -0.015670776
0 4 0.49058902
0 5 -0.10104576
0 6 0.5968155
0 7 0.05574085
1 0 0.2425555
1 1 -0.09035945
1 2 0.09431818
1 3 0.24735856
1 4 -0.5208288
1 5 0.15398324
1 6 0.73150265
1 7 0.91515434
2 0 -0.47796965
2 1 0.35851538
2 2 0.64488685
2 3 -0.4298129
2 4 0.039910227
2 5 0.24385221
2 6 0.107064515
2 7 -0.6925076
3 0 0.9845971
3 1 0.14208639
3 2 -0.454216
3 3 0.2719058
3 4 -0.5118604
3 5 -0.12861276
3 6 -0.41536045
3 7 0.14135206
4 0 -0.19679393
4 1 -0.7207942
4 2 -0.78150123
4 3 0.28295493
4 4 -0.5599338
4 5 -0.6899073
4 6 0.17869794
4 7 -0.52624774
0 0 0.54317933
0 1 0.84004307
0 2 -0.8549286
0 3 -0.58515036
1 0 0.736238
1 1 -0.78935647
1 2 -0.80412745
1 3 0.75975186
2 0 -0.7919488
2 1 -0.8804264
2 2 0.34052473
2 3 1.0
3 0 -0.3764329
3 1 -0.58857214
3 2 -0.13897772
3 3 -0.97570777
4 0 -0.82976663
4 1 -0.11255394
4 2 0.81476104
4 3 -0.6509756
5 0 0.3374585
5 1 -0.7007923
5 2 0.44839072
5 3 -0.44348717
6 0 0.85051024
6 1 -0.62622464
6 2 -0.15444791
6 3 0.24749744
7 0 -0.8271034
7 1 0.761469
7 2 0.7582115
7 3 -0.28998727
