0 0 -0.34546304
0 1 -0.39354038
0 2 -0.04588878
0 3 0.79627275
0 4 0.047903538
0 5 0.17897356
0 6 0.43914163
0 7 0.9870517
1 0 0.80502915
1 1 0.587376
1 2 0.8885106
1 3 0.545112
1 4 0.44917238
1 5 -0.6261442
1 6 -0.88371825
1 7 -0.9175863
2 0 0.24040008
2 1 -0.5391166
2 2 0.42586768
2 3 -0.6297481
2 4 -0.569028
2 5 -0.8077694
2 6 0.34693515
2 7 -0.44041586
3 0 0.4740522
3 1 -0.7494823
3 2 0.17555165
3 3 -0.2173723
3 4 -0.44396698
3 5 0.5982957
3 6 0.12845802
3 7 0.9157064
4 0 0.46595216
4 1 0.08476901
4 2 -0.96002007
4 3 -0.2903688
4 4 -0.72088325
4 5 0.4702239
4 6 0.10583496
4 7 -0.45613265
0 0 -0.28818655
0 1 -0.2232995
0 2 0.2608117
0 3 -0.94337463
1 0 -0.573154
1 1 0.91431534
1 2 -0.3029642
1 3 -0.17665839
2 0 0.69379175
2 1 -0.79794466
2 2 -0.10234678
2 3 0.23554194
3 0 -0.67722845
3 1 0.85020065
3 2 0.769812
3 3 0.5618367
4 0 0.91687584
4 1 -0.24454832
4 2 -0.8153511
4 3 0.80002403
5 0 -0.52185524
5 1 -0.4577942
5 2 -0.07434332
5 3 -0.042478204
6 0 0.038359284
6 1 0.033409238
6 2 -0.05333948
6 3 -0.4136536
7 0 0.083320856
7 1 -0.97262144
7 2 -0.5357672
7 3 0.16464365
