0 0 -0.55331194
0 1 0.58584785
0 2 0.824687
0 3 0.9335462
0 4 0.6396171
0 5 -0.04129839
0 6 0.6841614
0 7 -0.5631155
1 0 0.6346651
1 1 -0.729844
1 2 -0.7577193
1 3 -0.6850444
1 4 0.92791533
1 5 -0.25667238
1 6 -0.7053722
1 7 0.29776835
2 0 0.9498279
2 1 0.44877768
2 2 0.36975884
2 3 0.7289243
2 4 -0.87735176
2 5 0.6790627
2 6 -0.85917044
2 7 0.3156296
3 0 -0.18496022
3 1 -0.9737034
3 2 0.9925977
3 3 0.5945116
3 4 0.3426232
3 5 0.760772
3 6 -0.94626915
3 7 0.905362
4 0 0.50777483
4 1 0.52690506
4 2 0.6049037
4 3 -0.77737796
4 4 -0.75806
4 5 0.6055682
4 6 0.15961611
4 7 0.5950012
0 0 -0.6789551
0 1 -0.45880508
0 2 0.59020865
0 3 -0.107821465
1 0 0.5884189
1 1 0.8310995
1 2 0.055312395
1 3 -0.45960844
2 0 0.18958235
2 1 -0.4457959
2 2 0.20235908
2 3 -0.28654587
3 0 -1.0
3 1 -0.7925987
3 2 -0.89858377
3 3 0.49535576
4 0 0.10177004
4 1 0.2400744
4 2 -0.047591805
4 3 0.53350306
5 0 0.14333522
5 1 0.0076601505
5 2 0.21324338
5 3 0.4066323
6 0 0.44568694
6 1 -0.7395421
6 2 -0.66063684
6 3 0.5312158
7 0 -0.51880836
7 1 -0.79604626
7 2 0.20682108
7 3 -0.42670393
