0 0 -0.56451607
0 1 -0.5245944
0 2 -0.05405581
0 3 -0.5421698
0 4 0.0687267
0 5 -0.6940263
0 6 0.4406407
0 7 -0.4289503
1 0 0.9269973
1 1 0.80178785
1 2 -0.59415644
1 3 0.37009525
1 4 -0.26569855
1 5 0.46435153
1 6 0.9697028
1 7 0.69505435
2 0 -0.85196316
2 1 -0.8747238
2 2 -0.44359666
2 3 0.4537295
2 4 0.8895576
2 5 -0.96699333
2 6 -0.16021192
2 7 0.8776481
3 0 0.608739
3 1 0.11647656
3 2 -0.2691326
3 3 -0.6147951
3 4 -0.3371456
3 5 -0.9771036
3 6 0.13948154
3 7 -0.8381914
4 0 0.6075797
4 1 -0.36578643
4 2 0.14959516
4 3 -0.4492586
4 4 -0.647326
4 5 -0.28608024
4 6 0.26199833
4 7 0.018709779
0 0 -0.90262085
0 1 -0.46253598
0 2 0.88777286
0 3 0.7788156
1 0 1.0
1 1 -0.3007611
1 2 0.24059118
1 3 -0.4314077
2 0 0.6792306
2 1 1.0
2 2 0.8826604
2 3 0.18767925
3 0 -0.61146045
3 1 -1.0
3 2 0.8307441
3 3 -0.14090562
4 0 0.6586967
4 1 0.30439663
4 2 -0.854981
4 3 0.96029437
5 0 0.63025624
5 1 -0.729142
5 2 -0.42629313
5 3 -0.8488737
6 0 0.7230476
6 1 0.71874213
6 2 0.6119096
6 3 -0.49230993
7 0 0.57706016
7 1 -0.23145643
7 2 0.14196938
7 3 -0.90986264
