0 0 -0.088861585
0 1 -0.530733
0 2 0.30750632
0 3 -0.5742694
0 4 0.0031659603
0 5 -0.872684
0 6 -0.3427863
0 7 -0.45836818
1 0 -0.14327443
1 1 -0.93871415
1 2 -0.9762093
1 3 -0.3203596
1 4 0.83758926
1 5 -0.4511335
1 6 0.40752292
1 7 -0.781093
2 0 -0.78156996
2 1 0.3075956
2 2 0.63509524
2 3 -0.0877074
2 4 -0.188084
2 5 0.20913732
2 6 0.8504536
2 7 -0.6282363
3 0 0.87604296
3 1 -0.11416745
3 2 0.20501578
3 3 0.3978243
3 4 -0.522982
3 5 0.13072455
3 6 -0.38920987
3 7 0.85558045
4 0 0.6874608
4 1 -0.4875598
4 2 0.3031448
4 3 -0.92093503
4 4 -0.3107133
4 5 0.24084866
4 6 0.065933585
4 7 0.5348166
0 0 0.24645388
0 1 0.3818344
0 2 0.83363247
0 3 0.8145505
1 0 0.09913111
1 1 0.53958166
1 2 0.56752217
1 3 -0.51952875
2 0 0.87534606
2 1 -0.73152137
2 2 -0.09853256
2 3 0.28700042
3 0 0.16762948
3 1 -0.9336089
3 2 -0.805544
3 3 -0.3126892
4 0 -0.18932569
4 1 -0.18487227
4 2 0.9699608
4 3 0.046219587
5 0 -0.7671182
5 1 0.10720408
5 2 0.9558437
5 3 0.7730868
6 0 -0.5675248
6 1 -0.17849243
6 2 -0.7163893
6 3 -0.283975
7 0 0.8214344
7 1 0.5314547
7 2 0.11434424
7 3 -0.9151485
