0 0 0.06619029
0 1 -0.18255453
0 2 0.66014373
0 3 0.48388183
0 4 0.61984706
0 5 0.044217587
0 6 -0.086361885
0 7 0.5023161
1 0 0.6002705
1 1 0.6666204
1 2 1.0
1 3 0.39276314
1 4 -0.13106288
1 5 0.75305235
1 6 -0.3293693
1 7 -0.7392795
2 0 0.810668
2 1 0.4065979
2 2 -0.8773571
2 3 0.025630713
2 4 0.44366574
2 5 0.43338358
2 6 -0.3425939
2 7 -0.8435291
3 0 0.6691582
3 1 -0.8484317
3 2 0.58646345
3 3 -0.5463952
3 4 -0.9281416
3 5 0.49586165
3 6 -0.15367153
3 7 0.5973288
4 0 0.28712785
4 1 -0.75411296
4 2 0.37859964
4 3 0.54857826
4 4 -0.15275793
4 5 -0.17160122
4 6 -0.22094281
4 7 0.99363583
0 0 0.3967719
0 1 0.39074457
0 2 -0.4387249
0 3 0.2977101
1 0 0.5971066
1 1 0.34811628
1 2 0.5579088
1 3 -0.7752179
2 0 -0.80078554
2 1 -0.96240306
2 2 -0.7536253
2 3 0.67783827
3 0 -0.24237561
3 1 -0.79975116
3 2 0.7984179
3 3 -0.09360278
4 0 0.8384224
4 1 -0.4650283
4 2 0.1232357
4 3 0.22340274
5 0 0.97515213
5 1 -0.10564785
5 2 -0.82559764
5 3 0.08597994
6 0 0.20822322
6 1 -0.3488258
6 2 -0.44022393
6 3 0.0873348
7 0 -0.058052063
7 1 -0.16021085
7 2 -0.71042
7 3 0.71398675
