0 0 -0.7449722
0 1 -0.07861769
0 2 -0.48913527
0 3 -0.8934275
0 4 -0.46366882
0 5 0.9902687
0 6 -0.009014845
0 7 -0.8274827
1 0 -0.47955382
1 1 0.21079731
1 2 0.35216177
1 3 0.12226248
1 4 -0.8640758
1 5 0.8733978
1 6 -0.183074
1 7 0.027417421
2 0 -0.16639698
2 1 0.5876397
2 2 0.25465977
2 3 0.2412914
2 4 0.43094552
2 5 -0.14331424
2 6 0.46499324
2 7 0.51654434
3 0 0.08024144
3 1 -0.4672799
3 2 0.49458015
3 3 0.10817623
3 4 0.6293137
3 5 0.8920071
3 6 0.9155052
3 7 -0.62105465
4 0 -0.834375
4 1 -0.63488185
4 2 -0.19700146
4 3 0.6165062
4 4 -0.34675086
4 5 -0.80958223
4 6 0.13497579
4 7 0.5215082
0 0 0.17181897
0 1 -0.13342988
0 2 -0.603433
0 3 -0.72383857
1 0 0.8883045
1 1 -0.76666915
1 2 0.115890145
1 3 -0.8228197
2 0 -0.76642084
2 1 0.31116164
2 2 0.09575474
2 3 0.7206545
3 0 -0.83029175
3 1 -0.78753376
3 2 0.3588873
3 3 -0.2544216
4 0 0.4305159
4 1 -0.9350606
4 2 0.81704533
4 3 -0.9549147
5 0 0.36326265
5 1 0.056349993
5 2 -0.16132891
5 3 0.78870606
6 0 0.81546795
6 1 -0.4529965
6 2 0.063418984
6 3 -0.5047196
7 0 -0.6234523
7 1 -0.640658
7 2 -0.26088822
7 3 -0.7341769
