0 0 -0.0049966574
0 1 -0.6591705
0 2 -0.7582264
0 3 0.1832323
0 4 -0.6496061
0 5 -0.32978868
0 6 0.885517
0 7 -0.89287436
1 0 0.34304678
1 1 -0.94399893
1 2 0.69191337
1 3 0.9464719
1 4 0.03125465
1 5 0.48045588
1 6 -0.20217359
1 7 -0.6951771
2 0 -0.6770748
2 1 -0.9961903
2 2 -0.99479306
2 3 0.9131894
2 4 0.8822391
2 5 -0.8580173
2 6 -0.08720052
2 7 0.8755876
3 0 -0.76628304
3 1 -0.25574636
3 2 -0.6717205
3 3 0.75781107
3 4 -0.09870446
3 5 -0.9978092
3 6 0.16797924
3 7 0.9147911
4 0 -0.34255135
4 1 -0.76180005
4 2 -0.18599892
4 3 0.93535006
4 4 -0.6019293
4 5 -0.51945364
4 6 0.3146019
4 7 -0.5206958
0 0 -0.9765296
0 1 0.58827853
0 2 0.057088494
0 3 -0.9619845
1 0 -0.7536411
1 1 0.30700922
1 2 0.06816459
1 3 0.8691369
2 0 -0.7526425
2 1 0.48414588
2 2 -0.8589481
2 3 0.29920018
3 0 0.37175095
3 1 -0.47471464
3 2 -0.9306561
3 3 0.16989124
4 0 -0.046324372
4 1 -0.28624678
4 2 0.6832659
4 3 -0.002405405
5 0 0.2426126
5 1 -0.669454
5 2 -0.28510332
5 3 0.6495929
6 0 -0.7998477
6 1 0.59639215
6 2 0.12627506
6 3 0.39893782
7 0 0.57197046
7 1 0.7116457
7 2 0.060750484
7 3 -0.85551345
