0 0 -0.6631055
0 1 9.4830245E-4
0 2 -0.42561668
0 3 -0.025394514
0 4 -0.7569784
0 5 -0.7207563
0 6 0.34546655
0 7 0.21215314
1 0 0.28548607
1 1 0.6189306
1 2 -0.31821573
1 3 0.18110125
1 4 -0.5889134
1 5 -0.46849048
1 6 -0.5538678
1 7 0.77849334
2 0 -0.83227134
2 1 -0.46887678
2 2 0.79155135
2 3 -0.66475815
2 4 -1.0
2 5 -0.4521293
2 6 -0.2674964
2 7 1.0
3 0 0.09661216
3 1 0.9650961
3 2 -0.35098016
3 3 0.09943223
3 4 -0.8145417
3 5 0.380318
3 6 -0.9841448
3 7 -0.5640378
4 0 -0.09492259
4 1 -0.2699957
4 2 0.15452144
4 3 -0.114855215
4 4 -0.50027263
4 5 -0.7008932
4 6 -0.7735326
4 7 0.27967075
0 0 0.8587543
0 1 0.5281045
0 2 0.7864374
0 3 -0.17026663
1 0 0.71515155
1 1 -0.9876857
1 2 -0.32006598
1 3 0.85597694
2 0 1.0
2 1 0.7691628
2 2 0.056417346
2 3 -0.34707016
3 0 1.0
3 1 -0.12843063
3 2 0.3393352
3 3 -0.9444281
4 0 0.6173762
4 1 -0.98734456
4 2 0.30971065
4 3 0.8671336
5 0 0.8671758
5 1 -0.54139745
5 2 0.38530326
5 3 -0.4606734
6 0 0.07073
6 1 0.36511946
6 2 -0.7904914
6 3 0.048769668
7 0 0.8813008
7 1 -0.80169165
7 2 -0.043325357
7 3 -0.33409083
