0 0 -0.8303562
0 1 0.2075704
0 2 -0.4069075
0 3 -0.025394514
0 4 -0.7569784
0 5 -0.8745056
0 6 0.48790216
0 7 0.056584865
1 0 0.14617226
1 1 0.6189306
1 2 -0.41367844
1 3 0.14306316
1 4 -0.5889134
1 5 -0.46849048
1 6 -0.5538678
1 7 0.77849334
2 0 -0.83227134
2 1 -0.27835226
2 2 0.8705352
2 3 -0.8542688
2 4 -1.0
2 5 -0.4521293
2 6 -0.2674964
2 7 0.9959182
3 0 0.09661216
3 1 0.9650961
3 2 -0.56642985
3 3 0.09943223
3 4 -0.8145417
3 5 0.33187783
3 6 -0.9841448
3 7 -0.5640378
4 0 -0.22704211
4 1 -0.14144392
4 2 0.31550252
4 3 -0.114855215
4 4 -0.50027263
4 5 -0.7008932
4 6 -0.803035
4 7 0.10962105
0 0 0.9201136
0 1 0.44928545
0 2 0.7864374
0 3 -0.17026663
1 0 0.80788374
1 1 -1.0
1 2 -0.2809415
1 3 0.8278135
2 0 0.946589
2 1 0.7691628
2 2 0.056417346
2 3 -0.41763902
3 0 1.0
3 1 -0.022476211
3 2 0.3393352
3 3 -0.9444281
4 0 0.48278642
4 1 -0.80545783
4 2 0.49790084
4 3 0.9313027
5 0 1.0
5 1 -0.6864419
5 2 0.38530326
5 3 -0.4606734
6 0 0.22732759
6 1 0.36511946
6 2 -0.71564686
6 3 0.048769668
7 0 0.99823964
7 1 -0.80169165
7 2 -0.043325357
7 3 -0.33409083
