0 0 0.36461854
0 1 -0.43468118
0 2 -0.351964
0 3 -0.61411214
0 4 -0.30763257
0 5 -0.97092927
0 6 -0.34750903
0 7 -0.9905274
1 0 -0.6319808
1 1 -0.6743051
1 2 -0.95439684
1 3 -0.642573
1 4 0.051864505
1 5 -0.8026551
1 6 -0.2731465
1 7 0.853745
2 0 -0.7829491
2 1 -0.1580503
2 2 -0.9910972
2 3 0.94782805
2 4 0.9989859
2 5 -0.08247566
2 6 0.47452343
2 7 0.31819558
3 0 0.8363732
3 1 0.49021482
3 2 0.72721183
3 3 -0.43625247
3 4 0.4591912
3 5 -0.7557795
3 6 -0.07413995
3 7 0.23719406
4 0 0.07970536
4 1 -0.49305463
4 2 0.59622514
4 3 0.9008709
4 4 -0.058430195
4 5 -0.13414872
4 6 0.9345437
4 7 -0.49566758
0 0 0.11864877
0 1 0.26491165
0 2 -0.19594657
0 3 0.33689427
1 0 -0.39990366
1 1 0.27494025
1 2 0.7972512
1 3 -0.2060746
2 0 0.2534163
2 1 0.9462795
2 2 0.30051005
2 3 -0.43329728
3 0 0.75588584
3 1 0.39351797
3 2 0.43951082
3 3 -0.8682066
4 0 0.59133136
4 1 -0.44453144
4 2 0.3714249
4 3 -0.25676584
5 0 -0.18052411
5 1 0.8511977
5 2 0.6717038
5 3 -0.15848577
6 0 0.66591096
6 1 -0.44763482
6 2 -0.13019478
6 3 -0.13396585
7 0 -0.2896365
7 1 -0.642364
7 2 0.6305077
7 3 -0.9729103
