0 0 -0.81550646
0 1 0.99457884
0 2 -0.72328246
0 3 0.43883872
0 4 0.9212636
0 5 0.7510071
0 6 0.95182455
0 7 -0.633616
1 0 -0.22625029
1 1 0.65317357
1 2 -0.5305953
1 3 -0.53830075
1 4 0.80089295
1 5 0.049022317
1 6 -0.7810916
1 7 -0.24809074
2 0 0.38283825
2 1 0.9902309
2 2 -0.5675783
2 3 -0.7827153
2 4 -0.5589423
2 5 0.31994545
2 6 -0.28578472
2 7 -0.040429473
3 0 -0.5668833
3 1 -0.40867198
3 2 -0.5664562
3 3 0.1749903
3 4 0.84599817
3 5 0.6353736
3 6 0.21062398
3 7 0.11508548
4 0 0.94996095
4 1 0.8976655
4 2 -0.8362508
4 3 0.9595243
4 4 0.9153398
4 5 -0.639411
4 6 0.8346771
4 7 -0.38037455
0 0 0.46913648
0 1 -0.99117744
0 2 0.092039704
0 3 0.06654692
1 0 -0.08541322
1 1 -0.2882303
1 2 -0.19293582
1 3 -0.50791776
2 0 0.29927337
2 1 -0.80170345
2 2 -0.16285372
2 3 -0.8477416
3 0 -0.053841114
3 1 -0.12071192
3 2 -0.36821592
3 3 -0.66488445
4 0 0.51379836
4 1 -0.19404721
4 2 -0.4606639
4 3 0.7861519
5 0 -0.31016695
5 1 -0.5084275
5 2 0.24552119
5 3 -0.0988822
6 0 0.91481364
6 1 -0.09216523
6 2 -0.524699
6 3 0.87060905
7 0 0.95683706
7 1 -0.78841496
7 2 -0.44521177
7 3 0.07993281
