0 0 -0.7084203
0 1 -0.5245944
0 2 -0.24260251
0 3 -0.5421698
0 4 0.0687267
0 5 -0.6248259
0 6 0.31545737
0 7 -0.4289503
1 0 0.9269973
1 1 0.80178785
1 2 -0.59415644
1 3 0.37009525
1 4 -0.26569855
1 5 0.5672784
1 6 0.9697028
1 7 0.69505435
2 0 -0.8973903
2 1 -0.8747238
2 2 -0.44359666
2 3 0.36495185
2 4 0.8895576
2 5 -0.98629755
2 6 -0.16021192
2 7 1.0
3 0 0.608739
3 1 0.11647656
3 2 -0.10171138
3 3 -0.6147951
3 4 -0.4468183
3 5 -0.9771036
3 6 0.028618716
3 7 -0.8381914
4 0 0.6075797
4 1 -0.36578643
4 2 0.14959516
4 3 -0.4492586
4 4 -0.77918684
4 5 -0.28608024
4 6 0.26199833
4 7 0.11885549
0 0 -0.95248866
0 1 -0.53022575
0 2 0.7028364
0 3 0.58852834
1 0 0.8276688
1 1 -0.3007611
1 2 0.14659965
1 3 -0.4314077
2 0 0.6792306
2 1 1.0
2 2 0.747904
2 3 0.18767925
3 0 -0.61146045
3 1 -0.97948194
3 2 0.8307441
3 3 -0.14090562
4 0 0.6096364
4 1 0.30439663
4 2 -0.7342511
4 3 0.96029437
5 0 0.7013061
5 1 -0.88376397
5 2 -0.42629313
5 3 -0.762285
6 0 0.7230476
6 1 0.61909884
6 2 0.6119096
6 3 -0.49230993
7 0 0.74561125
7 1 -0.37906313
7 2 0.19650869
7 3 -0.90986264
