0 0 -0.011261821
0 1 -0.25370717
0 2 0.3098035
0 3 -0.08893013
0 4 -0.99946904
0 5 -0.77258146
0 6 -0.36730778
0 7 -0.6988543
1 0 -0.86136794
1 1 -0.54407704
1 2 0.65525866
1 3 -0.34547687
1 4 -0.9273448
1 5 -0.72603965
1 6 0.38088012
1 7 0.80062044
2 0 0.53161
2 1 0.5865741
2 2 0.26077974
2 3 0.40594125
2 4 0.110890985
2 5 -0.703377
2 6 0.142622
2 7 0.89019394
3 0 0.3241886
3 1 -0.5561086
3 2 0.12551892
3 3 -0.067279935
3 4 0.92430246
3 5 -0.540225
3 6 0.22724974
3 7 0.4256673
4 0 0.46093678
4 1 0.9299897
4 2 -0.20553148
4 3 0.74514496
4 4 0.5912924
4 5 0.7228153
4 6 0.3061061
4 7 -0.3901615
0 0 -0.062398553
0 1 -0.37265038
0 2 0.9641336
0 3 0.55672145
1 0 -0.047130227
1 1 0.49925554
1 2 -0.65431297
1 3 -0.679615
2 0 0.0014612675
2 1 -0.51908505
2 2 -0.20117581
2 3 0.947093
3 0 0.90548027
3 1 0.20541406
3 2 0.3747251
3 3 0.25425375
4 0 0.8031274
4 1 0.4722489
4 2 -0.64295876
4 3 -0.13592184
5 0 -0.90546644
5 1 0.06621444
5 2 0.110664606
5 3 0.25653934
6 0 0.3284688
6 1 0.9550009
6 2 0.5450096
6 3 -0.4826188
7 0 -0.54453254
7 1 0.7272227
7 2 -0.73019063
7 3 0.27409708
