0 0 -0.6005714
0 1 -0.5599114
0 2 0.87920475
0 3 -0.81616557
0 4 0.6074326
0 5 -0.25223148
0 6 0.29244423
0 7 -0.29730058
1 0 -0.056460857
1 1 0.45012534
1 2 0.68029344
1 3 -0.5085914
1 4 0.8646463
1 5 0.30860567
1 6 0.22667634
1 7 -0.8617784
2 0 -0.16814363
2 1 -0.26325488
2 2 0.30496323
2 3 0.55206215
2 4 0.49176538
2 5 -0.22655058
2 6 0.18829906
2 7 0.3427868
3 0 -0.005893469
3 1 -0.5685924
3 2 -0.66788983
3 3 -0.6266569
3 4 0.85421956
3 5 -0.9303266
3 6 -0.19697797
3 7 0.151865
4 0 -0.31491745
4 1 0.13680792
4 2 0.28102422
4 3 0.20896399
4 4 0.32323802
4 5 -0.60170925
4 6 0.9759754
4 7 -0.5104537
0 0 0.35781336
0 1 0.81205595
0 2 -0.01948309
0 3 0.43293238
1 0 -0.62480795
1 1 -0.33186758
1 2 -0.9845085
1 3 -0.67035544
2 0 0.91817284
2 1 -0.012136221
2 2 0.4786234
2 3 0.89397717
3 0 -0.6766137
3 1 -0.08331609
3 2 0.23133123
3 3 -0.8993732
4 0 -0.628754
4 1 -0.22017336
4 2 -0.017800689
4 3 -0.82022524
5 0 0.71702707
5 1 -0.653208
5 2 0.56014824
5 3 0.38281977
6 0 0.05921817
6 1 -0.1817398
6 2 -0.7916931
6 3 0.5114937
7 0 0.1627996
7 1 -0.8349079
7 2 0.44481552
7 3 -0.8063921
