0 0 -0.43812954
0 1 0.6581193
0 2 -0.40289748
0 3 0.87184364
0 4 -0.032493547
0 5 -0.8515341
0 6 -0.9719885
0 7 0.6271988
1 0 0.3334512
1 1 -0.6765356
1 2 -0.116355196
1 3 0.73546576
1 4 -0.43893915
1 5 -0.97469616
1 6 1.0
1 7 -0.38933492
2 0 0.17340057
2 1 -0.37909257
2 2 -0.4577602
2 3 -0.5879921
2 4 0.16788843
2 5 -0.49248344
2 6 0.2874114
2 7 -0.6246086
3 0 -0.13346729
3 1 0.66332173
3 2 0.12805815
3 3 0.99914956
3 4 -0.81956565
3 5 -0.48200703
3 6 -1.0
3 7 -0.85291183
4 0 -0.47849274
4 1 -0.23465288
4 2 0.11526467
4 3 -0.2538066
4 4 -0.31311893
4 5 0.4541815
4 6 0.8153235
4 7 0.104733706
0 0 0.6210661
0 1 -0.25262266
0 2 0.7597274
0 3 0.24814732
1 0 0.10918021
1 1 -0.27980834
1 2 -0.94346696
1 3 0.11225929
2 0 0.48840868
2 1 0.13247074
2 2 -0.6302898
2 3 -0.461367
3 0 -0.7206727
3 1 0.71935636
3 2 -0.11255636
3 3 0.34786218
4 0 0.993096
4 1 -0.72797513
4 2 -0.047070503
4 3 -0.975824
5 0 0.12791918
5 1 0.07669556
5 2 0.64658284
5 3 -0.030760914
6 0 0.32343233
6 1 -0.9665452
6 2 0.27343923
6 3 -0.4909961
7 0 0.88100016
7 1 -1.0
7 2 0.2878701
7 3 0.78638303
