0 0 -0.36649287
0 1 0.033895254
0 2 0.5411507
0 3 0.13237941
0 4 -0.33346915
0 5 0.8448839
0 6 -0.4287566
0 7 -0.3168184
1 0 -0.9315053
1 1 0.7438093
1 2 -0.33001554
1 3 0.24088144
1 4 0.8125564
1 5 -0.6828424
1 6 -0.9961073
1 7 0.21959639
2 0 -0.5636597
2 1 -0.7276466
2 2 0.6759565
2 3 0.30640686
2 4 0.23088849
2 5 0.5538232
2 6 0.0976249
2 7 0.3611734
3 0 0.28250426
3 1 0.65285075
3 2 0.27107227
3 3 -0.25967562
3 4 0.23294091
3 5 -0.86490417
3 6 0.9047153
3 7 -0.40712738
4 0 -0.19954836
4 1 -0.7955506
4 2 0.70214915
4 3 -0.867247
4 4 -0.150998
4 5 -0.04858136
4 6 -0.53812945
4 7 0.3256361
0 0 0.504189
0 1 -0.01000762
0 2 0.9839847
0 3 -0.21275306
1 0 -0.9065163
1 1 -0.91526276
1 2 -0.29074347
1 3 -0.65244794
2 0 0.62086165
2 1 0.19962263
2 2 0.9204273
2 3 0.37325716
3 0 -0.73000276
3 1 -0.91586566
3 2 -0.47720075
3 3 0.7150714
4 0 -0.33278346
4 1 -0.38190067
4 2 0.061760187
4 3 -0.42002368
5 0 0.3480568
5 1 -0.8317375
5 2 -0.5093471
5 3 -0.9965651
6 0 0.7344476
6 1 -0.9125651
6 2 0.9326489
6 3 0.084068105
7 0 -0.17983913
7 1 -0.737375
7 2 0.16740322
7 3 -0.24056125
