0 0 0.57481265
0 1 -6.942302E-4
0 2 -0.07052362
0 3 0.2669233
0 4 0.4203416
0 5 0.110219836
0 6 -0.35162014
0 7 -0.6211276
1 0 -0.9474032
1 1 -0.20021486
1 2 -0.9251803
1 3 -0.6802792
1 4 0.033937454
1 5 0.79149735
1 6 -0.45919108
1 7 0.08928713
2 0 0.7542249
2 1 -0.05896783
2 2 -0.38943303
2 3 -0.691962
2 4 0.14350557
2 5 0.50681496
2 6 -0.6564474
2 7 -0.46269917
3 0 0.021073714
3 1 0.3627116
3 2 0.9535655
3 3 -0.2808185
3 4 -0.15705611
3 5 0.16876449
3 6 -0.92633414
3 7 -1.0
4 0 -0.2823737
4 1 -0.76396716
4 2 -0.93818456
4 3 0.7580559
4 4 -0.26958412
4 5 -0.92324746
4 6 -0.65248585
4 7 -0.50569767
0 0 -0.037418097
0 1 -0.6413635
0 2 -0.009456515
0 3 0.05873944
1 0 -0.53847474
1 1 1.0
1 2 -0.6823267
1 3 0.2680422
2 0 0.64689493
2 1 0.29907626
2 2 -0.9991576
2 3 0.024133995
3 0 -0.36567
3 1 -0.21702704
3 2 0.50975513
3 3 0.5865035
4 0 0.4720881
4 1 -0.4876809
4 2 -0.05284083
4 3 0.43791115
5 0 0.46039036
5 1 -0.55291045
5 2 0.15507519
5 3 -0.7828826
6 0 0.6508746
6 1 -1.0
6 2 -0.70810366
6 3 -0.9550463
7 0 -0.9654186
7 1 -0.6130284
7 2 -0.57640064
7 3 -0.7851895
