0 0 0.51783574
0 1 0.7680783
0 2 -0.8949444
0 3 0.9535707
0 4 0.17975259
0 5 -0.108218074
0 6 -0.048752785
0 7 -0.26296854
1 0 -0.31577528
1 1 0.59838283
1 2 -0.7566446
1 3 0.62387836
1 4 -0.37594676
1 5 0.4697734
1 6 -0.6910006
1 7 0.63928246
2 0 -0.92803955
2 1 0.46973836
2 2 -0.9235734
2 3 -0.2135588
2 4 -0.68773115
2 5 -0.6426221
2 6 0.33972907
2 7 0.85879314
3 0 -0.67072904
3 1 -0.24652576
3 2 0.041512012
3 3 0.040256023
3 4 -0.26263797
3 5 -0.5280911
3 6 -0.7089844
3 7 -0.45205915
4 0 -0.36452985
4 1 0.2414825
4 2 0.07316172
4 3 -0.61093056
4 4 -0.28770924
4 5 0.96370494
4 6 -0.212618
4 7 0.16417682
0 0 0.6572006
0 1 -0.49063277
0 2 -0.13708842
0 3 -0.58966434
1 0 -0.7113583
1 1 -0.1376841
1 2 0.86426187
1 3 0.9305415
2 0 -0.05239904
2 1 -0.43459105
2 2 -0.48216355
2 3 -0.8807566
3 0 -0.32477164
3 1 -0.91505075
3 2 -0.09461057
3 3 0.7212622
4 0 0.9635112
4 1 -0.658932
4 2 -0.7142371
4 3 0.5351995
5 0 0.8053944
5 1 0.48887968
5 2 -0.6171595
5 3 -0.8926456
6 0 0.15121365
6 1 -0.40366995
6 2 0.93094337
6 3 -0.19614422
7 0 0.38340735
7 1 0.44835055
7 2 -0.6287768
7 3 -0.8258922
