0 0 0.7879242
0 1 -0.0037447214
0 2 0.35857928
0 3 -0.7214887
0 4 0.99704635
0 5 0.38002932
0 6 -0.2043047
0 7 0.89563644
1 0 0.43530202
1 1 0.62470186
1 2 0.28595352
1 3 0.44968998
1 4 -0.7189926
1 5 0.8251997
1 6 0.19524014
1 7 0.029425144
2 0 -0.959494
2 1 0.9757438
2 2 -0.48373926
2 3 -0.19064832
2 4 0.17288506
2 5 0.9761933
2 6 -0.5003681
2 7 0.9838004
3 0 -0.07072902
3 1 0.7829324
3 2 -0.6741326
3 3 -0.6554719
3 4 0.86547554
3 5 0.5353142
3 6 -0.55641425
3 7 0.15713227
4 0 0.51838684
4 1 -0.0526042
4 2 -0.5232047
4 3 0.47327173
4 4 0.3659041
4 5 -0.9412513
4 6 0.9608773
4 7 -0.17970824
0 0 0.9505943
0 1 0.7066666
0 2 -0.41080844
0 3 -0.15290165
1 0 -0.49692702
1 1 0.34048545
1 2 -0.5923264
1 3 -0.8589704
2 0 0.64806163
2 1 0.47864532
2 2 -0.46781301
2 3 0.38729477
3 0 0.9411235
3 1 -0.9515712
3 2 -0.18717074
3 3 -0.70118153
4 0 0.7254218
4 1 -0.20884085
4 2 -0.45781052
4 3 -0.56520736
5 0 0.80492854
5 1 -0.9875784
5 2 0.1932931
5 3 0.94192874
6 0 -0.075948596
6 1 0.26421916
6 2 0.4514842
6 3 -0.65942717
7 0 0.2755903
7 1 -0.4732108
7 2 0.92785144
7 3 0.34202373
