0 0 -0.89413404
0 1 -0.5805044
0 2 -0.26092482
0 3 0.2863003
0 4 -0.67603576
0 5 -0.18180299
0 6 0.6770836
0 7 -0.43705833
1 0 -0.5124415
1 1 0.5155251
1 2 -0.0010095835
1 3 -0.79745245
1 4 -0.86796594
1 5 0.7673532
1 6 -0.15875375
1 7 -0.9854977
2 0 -0.6097182
2 1 -0.072381616
2 2 0.53242195
2 3 0.89748955
2 4 -0.4697981
2 5 0.2275058
2 6 -0.69527364
2 7 -0.10968852
3 0 0.63177264
3 1 0.5790682
3 2 -0.87127745
3 3 0.7844428
3 4 0.272547
3 5 -0.65907323
3 6 -0.7996869
3 7 -0.8816774
4 0 0.19921851
4 1 0.35159254
4 2 0.48718774
4 3 -0.18101978
4 4 0.1538192
4 5 0.046058178
4 6 -0.44135475
4 7 -0.8030623
0 0 0.57939684
0 1 0.99277174
0 2 -0.5856528
0 3 0.69519484
1 0 0.1661092
1 1 0.9963068
1 2 0.21171093
1 3 -0.3415048
2 0 0.9602771
2 1 -0.81236553
2 2 0.46713543
2 3 -0.50273466
3 0 0.92300904
3 1 -0.14323676
3 2 -0.44685483
3 3 -0.29987335
4 0 -0.20024979
4 1 0.6657915
4 2 0.9931741
4 3 -0.9155401
5 0 -0.6130347
5 1 -0.78549814
5 2 0.31066084
5 3 -0.99281144
6 0 0.72785723
6 1 -0.47784507
6 2 -0.056773305
6 3 0.6849812
7 0 0.43748498
7 1 -0.94899213
7 2 0.19102359
7 3 0.64799273
