0 0 0.24112296
0 1 -0.9085407
0 2 0.4618609
0 3 0.083073854
0 4 -0.01068306
0 5 0.17579556
0 6 0.58645487
0 7 0.54375947
1 0 0.9632915
1 1 -0.73765135
1 2 0.8904842
1 3 -0.5894104
1 4 0.81561875
1 5 0.74831903
1 6 -0.6912303
1 7 -0.39729953
2 0 -0.5515704
2 1 -0.17168045
2 2 -0.2838086
2 3 -0.34225357
2 4 0.824293
2 5 0.53711045
2 6 0.08988416
2 7 -0.068693876
3 0 0.8531637
3 1 -0.42886245
3 2 -0.9218749
3 3 -0.759972
3 4 0.30116236
3 5 0.10905707
3 6 0.44476998
3 7 -0.25390446
4 0 0.22586489
4 1 -0.8097795
4 2 0.34406626
4 3 -0.26200402
4 4 -0.448395
4 5 0.17838562
4 6 0.42144752
4 7 -0.5182829
0 0 -0.92536247
0 1 0.35175955
0 2 0.17720878
0 3 0.67902005
1 0 0.23067558
1 1 0.7921021
1 2 -0.25128388
1 3 -0.13675869
2 0 -0.5535959
2 1 0.22356737
2 2 -0.3287655
2 3 -0.21771109
3 0 -0.30661488
3 1 0.16097975
3 2 -0.29299796
3 3 -0.6364819
4 0 -0.8900809
4 1 -0.79163945
4 2 -0.5424417
4 3 -0.9673561
5 0 -0.82229936
5 1 -0.70100296
5 2 -0.80252004
5 3 -0.81835306
6 0 -0.859375
6 1 0.44170058
6 2 -0.27818382
6 3 -0.43208706
7 0 -0.88084626
7 1 0.6438956
7 2 0.54908156
7 3 -0.0960021
