0 0 0.8697318
0 1 0.78709114
0 2 -0.04975131
0 3 0.6110916
0 4 -0.1725477
0 5 0.23836648
0 6 0.4205755
0 7 -0.6464528
1 0 0.16521072
1 1 -0.17601538
1 2 -0.06590426
1 3 0.3104446
1 4 0.49371088
1 5 0.7555995
1 6 0.1005795
1 7 -0.9501293
2 0 0.981802
2 1 0.06301153
2 2 0.713632
2 3 0.5079715
2 4 0.16622448
2 5 -0.1958735
2 6 0.5868159
2 7 0.6847484
3 0 -0.887619
3 1 0.5387565
3 2 0.3381257
3 3 0.28351772
3 4 0.20794988
3 5 -0.5706321
3 6 -0.8769518
3 7 -0.26841378
4 0 -0.5027392
4 1 -0.28581798
4 2 -0.298867
4 3 0.9578688
4 4 0.012456298
4 5 0.3655156
4 6 -0.63286424
4 7 -0.7269168
0 0 0.7482703
0 1 -0.94444716
0 2 0.79673606
0 3 0.991411
1 0 0.5127057
1 1 -0.746403
1 2 0.17447722
1 3 -0.7169868
2 0 0.1492114
2 1 -0.6360241
2 2 -0.4817319
2 3 -0.5856881
3 0 0.88157856
3 1 0.01048851
3 2 -0.38173842
3 3 -0.06650674
4 0 -0.37358677
4 1 -0.477934
4 2 -0.3567074
4 3 -0.43545675
5 0 -0.073355556
5 1 0.4101025
5 2 -0.5196899
5 3 0.31278503
6 0 -0.908705
6 1 0.30838466
6 2 0.090284824
6 3 0.44312918
7 0 -0.37886453
7 1 0.9094336
7 2 0.66916716
7 3 -0.8899151
